2.8753995126875885e-19
2.875667648251778e-19
2.8782938572846794e-19
2.8816757449743786e-19
2.8853995790311444e-19
2.889304054707564e-19
2.8933077115014957e-19
2.8973628266835466e-19
2.901438575270632e-19
2.90551355264898e-19
2.909572003200293e-19
2.913601739817181e-19
2.917592917442433e-19
2.9215372723469394e-19
2.925427631088075e-19
2.9292575832974113e-19
2.933021257955962e-19
2.9367131671747676e-19
2.9403280951969116e-19
2.943861018368293e-19
2.947307046705248e-19
2.9506613807463644e-19
2.953919279346239e-19
2.9570760353688244e-19
2.9601269571139734e-19
2.963067353912339e-19
2.9658925247444368e-19
2.96859774903799e-19
2.971178279012852e-19
2.9736293330996876e-19
2.975946090074775e-19
2.978123683639916e-19
2.980157197242283e-19
2.982041658979041e-19
2.983772036470102e-19
2.985343231612458e-19
2.9867500751524844e-19
2.987987321030994e-19
2.9890496404694584e-19
2.989931615776704e-19
2.9906277338630784e-19
2.9911323794546104e-19
2.9914398280032895e-19
2.99154423829102e-19
2.9914396447250196e-19
2.9911199493207513e-19
2.9905789133656855e-19
2.9898101487528425e-19
2.988807108967691e-19
2.987563079705202e-19
2.9860711690862643e-19
2.9843242974337824e-19
2.982315186559063e-19
2.9800363484986116e-19
2.9774800736298404e-19
2.974638418082094e-19
2.971503190346491e-19
2.968065936974446e-19
2.9643179272403715e-19
2.960250136629384e-19
2.9558532289948204e-19
2.951117537214344e-19
2.946033042155834e-19
2.9405893497461536e-19
2.9347756659163604e-19
2.9285807691760585e-19
2.921992980547032e-19
2.915000130561713e-19
2.9075895230052173e-19
2.899747895049895e-19
2.891461373398524e-19
2.8827154260158447e-19
2.8734948089872846e-19
2.86378350799862e-19
2.85356467387978e-19
2.842820551600029e-19
2.831532402039833e-19
2.8196804157962384e-19
2.8072436182038556e-19
2.7941997646718834e-19
2.780525225349754e-19
2.7661948580401366e-19
2.751181868179355e-19
2.7354576546034643e-19
2.718991639716265e-19
2.7017510825772154e-19
2.683700873339622e-19
2.664803307401794e-19
2.645017837600861e-19
2.62430080280255e-19
2.602605131353707e-19
2.579880018120286e-19
2.556070574318201e-19
2.531117450222532e-19
2.504956432513547e-19
2.4775180219324947e-19
2.448727010644113e-19
2.4185021558819665e-19
2.3867566696392557e-19
2.353406586928347e-19
39.983965094090905
2.3534065869283457e-19
2.3867566696392543e-19
2.418502155881968e-19
2.4487270106441125e-19
2.4775180219324923e-19
2.5049564325135453e-19
2.531117450222533e-19
2.5560705743182005e-19
2.5798800181202855e-19
2.602605131353708e-19
2.624300802802552e-19
2.645017837600861e-19
2.664803307401793e-19
2.683700873339623e-19
2.701751082577214e-19
2.718991639716269e-19
2.7354576546034647e-19
2.7511818681793544e-19
2.7661948580401347e-19
2.7805252253497566e-19
2.794199764671884e-19
2.807243618203859e-19
2.8196804157962384e-19
2.831532402039832e-19
2.84282055160003e-19
2.853564673879779e-19
2.8637835079986204e-19
2.8734948089872856e-19
2.8827154260158466e-19
2.891461373398524e-19
2.8997478950498943e-19
2.9075895230052206e-19
2.9150001305617145e-19
2.921992980547034e-19
2.9285807691760613e-19
2.934775665916362e-19
2.940589349746152e-19
2.9460330421558363e-19
2.951117537214345e-19
2.9558532289948194e-19
2.960250136629384e-19
2.9643179272403772e-19
2.968065936974446e-19
2.9715031903464947e-19
2.974638418082094e-19
2.9774800736298413e-19
2.980036348498613e-19
2.9823151865590632e-19
2.9843242974337824e-19
2.986071169086268e-19
2.987563079705201e-19
2.9888071089676915e-19
2.989810148752845e-19
2.990578913365686e-19
2.991119949320752e-19
2.9914396447250205e-19
2.9915442382910216e-19
2.9914398280032895e-19
2.991132379454613e-19
2.990627733863081e-19
2.9899316157767095e-19
2.9890496404694604e-19
2.987987321030996e-19
2.9867500751524873e-19
2.9853432316124583e-19
2.983772036470106e-19
2.9820416589790405e-19
2.9801571972422844e-19
2.9781236836399194e-19
2.975946090074777e-19
2.973629333099688e-19
2.971178279012852e-19
2.968597749037992e-19
2.9658925247444387e-19
2.9630673539123425e-19
2.960126957113972e-19
2.9570760353688293e-19
2.9539192793462417e-19
2.950661380746367e-19
2.9473070467052495e-19
2.9438610183682947e-19
2.940328095196916e-19
2.9367131671747686e-19
2.933021257955959e-19
2.9292575832974133e-19
2.9254276310880727e-19
2.92153727234694e-19
2.917592917442436e-19
2.9136017398171825e-19
2.909572003200293e-19
2.905513552648981e-19
2.901438575270631e-19
2.8973628266835466e-19
2.8933077115014986e-19
2.8893040547075612e-19
2.8853995790311444e-19
2.881675744974379e-19
2.8782938572846804e-19
2.8756676482517794e-19
2.8753995126875895e-19
