Time | mi - me - lambda^2 * (E(1)+E(-1))
1.5999999999999999276e-05 -6.5399064456413786781e-16
3.1999999999999998552e-05 -1.5303513664632895086e-16
4.8000000000000001216e-05 -1.3477717206167305619e-15
6.3999999999999997104e-05 -2.824455079541987601e-15
7.9999999999999992992e-05 -1.4229069311699760192e-15
9.6000000000000002432e-05 1.1605300054284839462e-15
0.00011199999999999999832 -1.4116312285761267731e-15
0.00012799999999999999421 4.2374957709423455299e-15
0.00014400000000000000365 -2.0352643181897889235e-15
0.00015999999999999998598 1.6380126421911000989e-15
0.00017599999999999999542 5.3299378799387397976e-15
0.00019200000000000000486 -1.057313958607863924e-15
0.0002079999999999999872 1.7360245185837896997e-15
0.00022399999999999999664 -3.4395229719930142664e-15
0.00023999999999999997898 7.771561172376095783e-16
0.00025599999999999998842 -1.2576745200831851434e-16
0.00027199999999999999786 7.2771649817227057611e-16
0.0002880000000000000073 -2.8033131371785202646e-15
0.00030399999999999996253 1.2021633688519273164e-15
0.00031999999999999997197 4.354155924701785807e-16
0.00033599999999999998141 -3.105155021998484699e-16
0.00035199999999999999085 1.0538445116559103099e-15
0.00036800000000000000029 -7.0689981646054889097e-16
0.00038400000000000000973 3.0878077872387166281e-15
0.00039999999999999996496 2.2620794126737564511e-15
0.0004159999999999999744 -2.5144816784283818834e-15
0.00043199999999999998384 -2.5335636366641267614e-15
0.00044799999999999999328 -1.561251128379126385e-15
0.00046400000000000000272 -3.6602665343110629692e-15
0.00047999999999999995795 -1.8249290967276010633e-15
0.0004960000000000000216 7.5980888247784150735e-16
0.00051199999999999997683 -2.5569824035898136572e-15
0.00052799999999999993206 3.9187403322316072263e-15
0.00054399999999999999571 4.1425196606326153415e-15
0.00055999999999999995094 -6.2259225552807606618e-15
0.00057600000000000001459 6.7654215563095476682e-16
0.00059199999999999996982 3.2612801348363973375e-16
0.00060799999999999992505 -2.7651492207070305085e-15
0.0006239999999999999887 -1.231653667943533037e-16
0.00063999999999999994393 3.7175124090182976033e-15
0.00065600000000000000758 -1.3860440573054688684e-15
0.00067199999999999996281 2.6766783234322133467e-15
0.00068799999999999991804 -7.0603245472256048743e-16
0.0007039999999999999817 -3.4312830354821244327e-15
0.00071999999999999993693 1.3010426069826053208e-16
0.00073600000000000000058 5.6205040621648549859e-16
0.00075199999999999995581 -7.1123662515049090871e-17
0.00076800000000000001946 -1.1310397063368782256e-15
0.00078399999999999997469 1.2004286453759505093e-15
0.00079999999999999992992 -2.0799334476961917062e-15
0.00081599999999999999357 -2.5673907444456744997e-16
0.0008319999999999999488 -1.5057399771478685579e-15
0.00084800000000000001245 9.6797569959505835868e-16
0.00086399999999999996768 3.6845526629747382685e-15
0.00087999999999999992291 1.8041124150158793782e-16
0.00089599999999999998656 4.9960036108132044319e-16
0.00091199999999999994179 -7.4940054162198066479e-16
0.00092800000000000000544 -2.7304547511874943666e-15
0.00094399999999999996067 -5.5060123127503857177e-15
0.0009599999999999999159 -2.9490299091605720605e-15
0.00097599999999999997955 2.2724877535296172937e-15
0.0009920000000000000432 5.3360094121046586224e-15
0.0010079999999999999984 -1.3426759704060486911e-15
0.0010239999999999999537 -2.1267709815475654977e-15
0.0010399999999999999089 -3.5908775952719906854e-15
0.0010559999999999998641 2.5049406993105094443e-15
0.0010720000000000000362 3.3029134982598407078e-15
0.0010879999999999999914 -2.6020852139652106416e-16
0.0011039999999999999467 1.7347234759768070944e-15
0.0011199999999999999019 -5.4470317145671742765e-16
0.0011359999999999998571 -2.5639212974937208855e-15
0.0011520000000000000292 2.2863655413374317504e-15
0.0011679999999999999844 -2.0157486790850498437e-15
0.0011839999999999999396 -2.4286128663675299322e-16
0.0011999999999999998949 -2.498001805406602216e-16
0.0012159999999999998501 -2.0261570199409106863e-15
0.0012320000000000000222 -3.4694469519536141888e-17
0.0012479999999999999774 -1.1553258350005535249e-15
0.0012639999999999999326 2.1059542998358438126e-15
0.0012799999999999998879 8.6389229103644993302e-16
0.0012959999999999998431 -1.8283985436795546775e-15
0.0013120000000000000152 -2.1233015345956118836e-15
0.0013279999999999999704 1.561251128379126385e-15
0.0013439999999999999256 1.415534356397074589e-15
0.0013599999999999998809 -4.097416850257218357e-15
0.0013759999999999998361 -4.3715031594615538779e-16
0.0013920000000000000082 -3.9065972678997695766e-15
0.0014079999999999999634 3.7504721550618569381e-15
0.0014239999999999999186 1.0755285551056203985e-16
0.0014399999999999998739 1.2906342661267444782e-15
0.0014559999999999998291 -5.7592819402429995534e-16
0.0014720000000000000012 4.7878367936959875806e-16
0.0014879999999999999564 -1.0859368959614812411e-15
0.0015039999999999999116 -1.8665624601510444336e-15
0.0015199999999999998668 -3.896188927043908734e-15
0.0015360000000000000389 -1.2038980923279041235e-15
0.0015519999999999999941 2.8137214780343811071e-15
0.0015679999999999999494 -2.5014712523585558301e-15
0.0015839999999999999046 4.8572257327350598644e-17
0.0015999999999999998598 4.2743586448068526806e-15
0.0016160000000000000319 -2.3314683517128287349e-15
0.0016319999999999999871 2.4771851236948805308e-15
0.0016479999999999999424 -3.032296636007458801e-15
0.0016639999999999998976 -8.08381139805192106e-16
0.0016799999999999998528 -1.7069679003611781809e-15
0.0016960000000000000249 -6.2450045135165055399e-16
0.0017119999999999999801 1.6445178552260131255e-15
0.0017279999999999999354 1.3392065234540950769e-15
0.0017439999999999998906 -1.9637069748057456309e-15
0.0017599999999999998458 -1.4779844015322396444e-15
0.0017760000000000000179 -7.6327832942979512154e-16
0.0017919999999999999731 -1.0963452368173420837e-15
0.0018079999999999999283 -8.9511731360403246072e-16
0.0018239999999999998836 2.4216739724636227038e-15
0.0018399999999999998388 -6.009082120783659775e-15
0.0018560000000000000109 -2.1233015345956118836e-15
0.0018719999999999999661 -1.0894063429134348553e-15
0.0018879999999999999213 -3.2474023470285828807e-15
0.0019039999999999998766 -3.490263633665335874e-15
0.0019199999999999998318 3.4625080580497069604e-15
0.0019360000000000000039 7.5633943552588789316e-16
0.0019519999999999999591 -9.0205620750793968909e-16
0.0019679999999999996975 8.3266726846886740532e-17
0.0019840000000000000864 -2.6229018956769323268e-15
0.0020000000000000000416 2.6298407895808395551e-15
0.0020159999999999999969 1.1449174941446926823e-15
0.0020319999999999999521 -4.3021142204224815941e-16
0.0020479999999999999073 -2.8935187579293142335e-15
0.0020639999999999998626 3.2127078775090467389e-15
0.0020799999999999998178 -1.4224732503009818174e-15
0.002095999999999999773 1.2836953722228372499e-15
0.0021119999999999997282 -9.2287288921966137423e-16
0.0021280000000000001172 -2.6367796834847467835e-16
0.0021440000000000000724 -2.3592239273284576484e-16
0.0021600000000000000276 1.2212453270876721945e-15
0.0021759999999999999828 1.0338951916821770283e-15
0.0021919999999999999381 3.2057689836051395105e-15
0.0022079999999999998933 -3.5388358909926864726e-16
0.0022239999999999998485 -8.1878948066105294856e-16
0.0022399999999999998038 -4.1286418728248008847e-15
0.002255999999999999759 1.6028844918025697552e-15
0.0022719999999999997142 -3.4694469519536141888e-16
0.0022880000000000001031 4.3715031594615538779e-16
0.0023040000000000000584 4.9266146717741321481e-15
0.0023200000000000000136 -8.1185058675714572018e-16
0.0023359999999999999688 -3.0045410603918298875e-15
0.0023519999999999999241 -3.1363800445660672267e-15
0.0023679999999999998793 3.0531133177191804862e-16
0.0023839999999999998345 1.5751289161869408417e-15
0.0023999999999999997898 2.5118795932144166727e-15
0.002415999999999999745 1.4918621893400541012e-15
0.0024319999999999997002 -2.4424906541753443889e-15
0.0024480000000000000891 -3.2474023470285828807e-15
0.0024640000000000000444 -6.9388939039072283776e-16
0.0024799999999999999996 -1.4432899320127035026e-15
0.0024959999999999999548 3.8857805861880478915e-15
0.00251199999999999991 1.929012505286209489e-15
0.0025279999999999998653 1.7763568394002504647e-15
0.0025439999999999998205 -3.8649639044763262063e-15
0.0025599999999999997757 -7.6327832942979512154e-16
0.002575999999999999731 -1.0755285551056203985e-15
0.0025919999999999996862 1.7832957333041576931e-15
0.0026080000000000000751 4.024558464266192459e-16
0.0026240000000000000303 1.7902346272080649214e-15
0.0026399999999999999856 1.5057399771478685579e-15
0.0026559999999999999408 8.0491169285323849181e-16
0.002671999999999999896 3.3376079677793768496e-15
0.0026879999999999998513 -1.7832957333041576931e-15
0.0027039999999999998065 -3.8163916471489756077e-15
0.0027199999999999997617 -2.0608514894604468282e-15
0.0027359999999999997169 6.2450045135165055399e-16
0.0027519999999999996722 -2.8727020762175925483e-15
0.0027680000000000000611 -2.8449465006019636348e-15
0.0027840000000000000163 -3.4694469519536141888e-15
0.0027999999999999999716 1.6653345369377348106e-15
0.0028159999999999999268 1.6653345369377348106e-16
0.002831999999999999882 4.1633363423443370266e-15
0.0028479999999999998372 9.0205620750793968909e-17
0.0028639999999999997925 5.898059818321144121e-16
0.0028799999999999997477 -1.8041124150158793782e-16
0.0028959999999999997029 -4.593547764386585186e-15
0.0029119999999999996582 -8.5348395018058909045e-16
0.0029280000000000000471 -8.4654505627668186207e-16
0.0029440000000000000023 1.5057399771478685579e-15
0.0029599999999999999575 -3.1571967262777889118e-15
0.0029759999999999999128 2.0816681711721685133e-16
0.002991999999999999868 1.7555401576885287795e-15
0.0030079999999999998232 -5.3429483060085658508e-16
0.0030239999999999997785 2.7408630920433552092e-15
0.0030399999999999997337 -5.1000870193718128576e-15
0.0030559999999999996889 1.3114509478384661634e-15
0.0030720000000000000778 -1.3877787807814456755e-16
0.0030880000000000000331 2.921274333544943147e-15
0.0031039999999999999883 -4.5102810375396984455e-15
0.0031199999999999999435 2.9143354396410359186e-16
0.0031359999999999998987 -7.7021722333370234992e-16
0.003151999999999999854 -1.8943180357666733471e-15
0.0031679999999999998092 -9.0205620750793968909e-16
0.0031839999999999997644 1.7971735211119721498e-15
0.0031999999999999997197 4.5657921887709562725e-15
0.0032159999999999996749 -4.2327252813834093104e-16
0.0032320000000000000638 4.5796699765787707292e-16
0.003248000000000000019 -3.5180192092809647875e-15
0.0032639999999999999743 2.2690183065776636795e-15
0.0032799999999999999295 -1.8388068845354155201e-15
0.0032959999999999998847 2.7963742432746130362e-15
0.00331199999999999984 -2.0816681711721685133e-17
0.0033279999999999997952 4.1633363423443370266e-16
0.0033439999999999997504 1.9428902930940239457e-15
0.0033599999999999997057 1.9081958235744878039e-15
0.0033759999999999996609 4.2188474935755948536e-15
0.0033920000000000000498 -6.3837823915946501074e-16
0.003408000000000000005 -8.1878948066105294856e-16
0.0034239999999999999603 -4.5796699765787707292e-16
0.0034399999999999999155 -1.415534356397074589e-15
0.0034559999999999998707 -3.6082248300317587564e-16
0.0034719999999999998259 -5.5511151231257827021e-17
0.0034879999999999997812 -9.298117831235686026e-16
0.0035039999999999997364 9.7144514654701197287e-17
0.0035199999999999996916 7.3552275381416620803e-16
0.0035359999999999996469 -1.7069679003611781809e-15
0.0035520000000000000358 -1.6653345369377348106e-16
0.003567999999999999991 -1.7069679003611781809e-15
0.0035839999999999999462 -3.289035710452026251e-15
0.0035999999999999999015 -1.929012505286209489e-15
0.0036159999999999998567 1.5959455978986625269e-15
0.0036319999999999998119 -1.304512053934558935e-15
0.0036479999999999997672 9.7144514654701197287e-17
0.0036639999999999997224 -1.8873791418627661187e-15
0.0036799999999999996776 -1.7069679003611781809e-15
0.0036959999999999996328 1.1657341758564143674e-15
0.0037120000000000000218 -1.2767564783189300215e-15
0.003727999999999999977 3.4694469519536141888e-16
0.0037439999999999999322 -6.1062266354383609723e-16
0.0037599999999999998875 4.5796699765787707292e-16
0.0037759999999999998427 -9.9920072216264088638e-16
0.0037919999999999997979 1.0130785099704553431e-15
0.0038079999999999997531 -5.1347814888913489995e-16
0.0038239999999999997084 7.4940054162198066479e-16
0.0038399999999999996636 1.5959455978986625269e-15
0.0038559999999999996188 9.9920072216264088638e-16
0.0038720000000000000077 2.0261570199409106863e-15
0.003887999999999999963 6.1756155744774332561e-15
0.0039039999999999999182 -6.9388939039072283776e-16
0.0039199999999999998734 -9.5756735873919751612e-16
0.003935999999999999395 3.8302694349567900645e-15
0.0039519999999999997839 -5.5511151231257827021e-17
0.0039680000000000001728 -4.9960036108132044319e-16
0.0039839999999999996944 1.5681900222830336133e-15
0.0040000000000000000833 1.4016565685892601323e-15
0.0040159999999999996048 -1.2073675392798577377e-15
0.0040319999999999999937 -7.0776717819853729452e-16
0.0040479999999999995153 1.0547118733938987134e-15
0.0040639999999999999042 -1.249000902703301108e-15
0.0040799999999999994257 8.4654505627668186207e-16
0.0040959999999999998146 1.4988010832439613296e-15
0.0041120000000000002036 3.3167912860676551645e-15
0.0041279999999999997251 1.2767564783189300215e-15
0.004144000000000000114 -5.5511151231257827021e-16
0.0041599999999999996356 -1.1657341758564143674e-15
0.0041760000000000000245 2.60902410786911787e-15
0.004191999999999999546 4.4408920985006261617e-16
0.0042079999999999999349 2.5396351688300455862e-15
0.0042239999999999994565 -1.5543122344752191566e-15
0.0042399999999999998454 3.0114799542957371159e-15
0.0042560000000000002343 4.7739590058881731238e-15
0.0042719999999999997559 3.969047313034934632e-15
0.0042880000000000001448 1.4710455076283324161e-15
0.0043039999999999996663 -2.2204460492503130808e-16
0.0043200000000000000552 2.7755575615628913511e-16
0.0043359999999999995768 9.9920072216264088638e-16
0.0043519999999999999657 -2.1510571102112407971e-15
0.0043679999999999994872 1.8596235662471372052e-15
0.0043839999999999998762 1.4432899320127035026e-15
0.0043999999999999993977 1.7347234759768070944e-15
0.0044159999999999997866 9.0205620750793968909e-16
0.0044320000000000001755 -2.0261570199409106863e-15
0.0044479999999999996971 -1.7347234759768070944e-15
0.004464000000000000086 -1.4988010832439613296e-15
0.0044799999999999996075 -1.7902346272080649214e-15
0.0044959999999999999964 7.4940054162198066479e-16
0.004511999999999999518 -2.5118795932144166727e-15
0.0045279999999999999069 1.0547118733938987134e-15
0.0045439999999999994285 1.6514567491299203539e-15
0.0045599999999999998174 -4.0106806764583780023e-15
0.0045760000000000002063 1.9012569296705805755e-15
0.0045919999999999997278 3.1918911957973250537e-16
0.0046080000000000001167 2.8727020762175925483e-15
0.0046239999999999996383 -3.3861802251067274483e-15
0.0046400000000000000272 -9.7144514654701197287e-17
0.0046559999999999995487 -2.5257573810222311295e-15
0.0046719999999999999377 9.8532293435482642963e-16
0.0046879999999999994592 -2.60902410786911787e-15
0.0047039999999999998481 -2.0677903833643540565e-15
0.0047199999999999993697 4.1633363423443370266e-17
0.0047359999999999997586 -5.5511151231257827021e-16
0.0047520000000000001475 -2.4286128663675299322e-15
0.004767999999999999669 -1.5959455978986625269e-15
0.004784000000000000058 -2.7755575615628913511e-16
0.0047999999999999995795 -2.8033131371785202646e-15
0.0048159999999999999684 -5.1347814888913489995e-16
0.00483199999999999949 -1.3877787807814456755e-17
0.0048479999999999998789 -1.3877787807814456755e-17
0.0048639999999999994004 -1.3877787807814456755e-15
0.0048799999999999997893 9.0205620750793968909e-16
0.0048960000000000001782 -1.2767564783189300215e-15
0.0049119999999999996998 -4.9960036108132044319e-16
0.0049280000000000000887 1.5265566588595902431e-16
0.0049439999999999996103 -1.3877787807814456755e-16
0.0049599999999999999992 -3.0114799542957371159e-15
0.0049759999999999995207 -7.4940054162198066479e-16
0.0049919999999999999096 -9.4368957093138305936e-16
0.0050079999999999994312 -1.3877787807814456755e-17
0.0050239999999999998201 -4.8433479449272454076e-15
0.0050399999999999993416 1.7069679003611781809e-15
0.0050559999999999997305 1.3877787807814456755e-17
0.0050720000000000001195 1.4432899320127035026e-15
0.005087999999999999641 -4.1633363423443370266e-17
0.0051040000000000000299 -1.6514567491299203539e-15
0.0051199999999999995515 2.2898349882893853646e-15
0.0051359999999999999404 1.3877787807814456755e-17
0.0051519999999999994619 -2.7755575615628913511e-17
0.0051679999999999998508 -3.1918911957973250537e-15
0.0051839999999999993724 -5.21804821573823574e-15
0.0051999999999999997613 8.3266726846886740532e-16
0.0052160000000000001502 -1.249000902703301108e-15
0.0052319999999999996718 -1.6237011735142914404e-15
0.0052480000000000000607 -6.9388939039072283776e-16
0.0052639999999999995822 -1.8457457784393227485e-15
0.0052799999999999999711 -2.0816681711721685133e-16
0.0052959999999999994927 5.5511151231257827021e-17
0.0053119999999999998816 2.1094237467877974268e-15
0.0053279999999999994031 -7.771561172376095783e-16
0.0053439999999999997921 2.1233015345956118836e-15
0.005360000000000000181 -2.09554595897998297e-15
0.0053759999999999997025 1.8318679906315082917e-15
0.0053920000000000000914 2.4286128663675299322e-15
0.005407999999999999613 -3.1363800445660672267e-15
0.0054240000000000000019 8.3266726846886740532e-16
0.0054399999999999995234 -2.2204460492503130808e-16
0.0054559999999999999123 -1.984523656517467316e-15
0.0054719999999999994339 5.0931481254679056292e-15
0.0054879999999999998228 -1.6237011735142914404e-15
0.0055039999999999993444 -6.3837823915946501074e-16
0.0055199999999999997333 -1.6237011735142914404e-15
0.0055360000000000001222 3.7470027081099033239e-16
0.0055519999999999996437 -3.913536161803676805e-15
0.0055680000000000000326 2.5812685322534889565e-15
0.0055839999999999995542 4.9821258230053899752e-15
0.0055999999999999999431 4.7600812180803586671e-15
0.0056159999999999994647 -5.3984594572398236778e-15
0.0056319999999999998536 1.8457457784393227485e-15
0.0056479999999999993751 1.0547118733938987134e-15
0.005663999999999999764 8.3266726846886740532e-16
0.0056800000000000001529 -2.4841240175987877592e-15
0.0056959999999999996745 3.2751579226442117942e-15
0.0057120000000000000634 -4.7184478546569152968e-16
0.0057279999999999995849 2.4424906541753443889e-15
0.0057439999999999999739 -3.178013407989510597e-15
0.0057599999999999994954 -9.4368957093138305936e-16
0.0057759999999999998843 -1.5404344466674046998e-15
0.0057919999999999994059 -1.5126788710517757863e-15
0.0058079999999999997948 -5.8286708792820718372e-16
0.0058239999999999993163 -7.771561172376095783e-16
0.0058399999999999997052 -4.4131365228849972482e-15
0.0058560000000000000941 -9.7144514654701197287e-16
0.0058719999999999996157 -8.4654505627668186207e-16
0.0058880000000000000046 -3.0808688933348093997e-15
0.0059039999999999995262 2.9559688030644792889e-15
0.0059199999999999999151 -2.7894353493707058078e-15
0.0059359999999999994366 6.6613381477509392425e-16
0.0059519999999999998255 1.7069679003611781809e-15
0.0059679999999999993471 -4.0939474033052647428e-15
0.005983999999999999736 4.3715031594615538779e-15
0.0060000000000000001249 -1.4988010832439613296e-15
0.0060159999999999996464 -3.1918911957973250537e-16
0.0060320000000000000354 4.3159920082302960509e-15
0.0060479999999999995569 1.6653345369377348106e-15
0.0060639999999999999458 -2.1371793224034263403e-15
0.0060799999999999994674 1.873501354054951662e-15
0.0060959999999999998563 5.5511151231257827021e-17
0.0061119999999999993778 2.6229018956769323268e-15
0.0061279999999999997667 -4.70457006684910084e-15
0.0061440000000000001557 8.0491169285323849181e-16
0.0061599999999999996772 1.3739009929736312188e-15
0.0061760000000000000661 1.6514567491299203539e-15
0.0061919999999999995877 7.3552275381416620803e-16
0.0062079999999999999766 2.3453461395206431916e-15
0.0062239999999999994981 1.7208456881689926377e-15
0.006239999999999999887 1.5265566588595902431e-16
0.0062559999999999994086 -1.8873791418627661187e-15
0.0062719999999999997975 1.9012569296705805755e-15
0.006287999999999999319 -8.6042284408449631883e-16
0.006303999999999999708 -4.1633363423443370266e-16
0.0063200000000000000969 -1.1102230246251565404e-16
0.0063359999999999996184 -9.1593399531575414585e-16
0.0063520000000000000073 -5.4539706084710815048e-15
0.0063679999999999995289 2.4286128663675299322e-15
0.0063839999999999999178 8.0491169285323849181e-16
0.0063999999999999994393 -5.9674487573602164048e-16
0.0064159999999999998282 1.6792123247455492674e-15
0.0064319999999999993498 -3.7470027081099033239e-16
0.0064479999999999997387 1.2212453270876721945e-15
0.0064640000000000001276 5.9674487573602164048e-16
0.0064799999999999996492 5.787037515858628467e-15
0.0064960000000000000381 2.5812685322534889565e-15
0.0065119999999999995596 -9.4368957093138305936e-16
0.0065279999999999999485 1.1379786002407854539e-15
0.0065439999999999994701 1.2212453270876721945e-15
0.006559999999999999859 3.4555691641457997321e-15
0.0065759999999999993806 -8.0491169285323849181e-16
0.0065919999999999997695 -1.8318679906315082917e-15
0.006607999999999999291 -1.2351231148954866512e-15
0.0066239999999999996799 1.4988010832439613296e-15
0.0066400000000000000688 2.5118795932144166727e-15
0.0066559999999999995904 -5.273559366969493567e-16
0.0066719999999999999793 0
0.0066879999999999995008 -1.2212453270876721945e-15
0.0067039999999999998898 -6.1062266354383609723e-16
0.0067199999999999994113 1.8041124150158793782e-15
0.0067359999999999998002 -3.7192471324942744104e-15
0.0067519999999999993218 -1.8318679906315082917e-15
0.0067679999999999997107 1.5820678100908480701e-15
0.0067840000000000000996 -5.273559366969493567e-16
0.0067999999999999996211 -6.9388939039072283776e-16
0.00681600000000000001 2.1094237467877974268e-15
0.0068319999999999995316 4.7184478546569152968e-16
0.0068479999999999999205 2.0539125955565395998e-15
0.0068639999999999994421 1.3877787807814456755e-15
0.006879999999999999831 -2.9698465908722937456e-15
0.0068959999999999993525 1.9428902930940239457e-16
0.0069119999999999997414 8.6042284408449631883e-16
0.006927999999999999263 5.5511151231257827021e-16
0.0069439999999999996519 1.6653345369377348106e-15
0.0069600000000000000408 2.9698465908722937456e-15
0.0069759999999999995624 -3.1363800445660672267e-15
0.0069919999999999999513 3.858025010572418978e-15
0.0070079999999999994728 -7.771561172376095783e-16
0.0070239999999999998617 1.304512053934558935e-15
0.0070399999999999993833 -1.7208456881689926377e-15
0.0070559999999999997722 4.7184478546569152968e-16
0.0070719999999999992937 2.6922908347160046105e-15
0.0070879999999999996826 -9.4368957093138305936e-16
0.0071040000000000000716 2.3869795029440865619e-15
0.0071199999999999995931 1.6653345369377348106e-16
0.007135999999999999982 5.5511151231257827021e-17
0.0071519999999999995036 -9.9920072216264088638e-16
0.0071679999999999998925 4.4131365228849972482e-15
0.007183999999999999414 1.249000902703301108e-15
0.0071999999999999998029 2.7755575615628913511e-16
0.0072159999999999993245 -2.2204460492503130808e-15
0.0072319999999999997134 -2.7755575615628913511e-15
0.0072480000000000001023 -2.7755575615628913511e-16
0.0072639999999999996239 8.3266726846886740532e-17
0.0072800000000000000128 2.3869795029440865619e-15
0.0072959999999999995343 -5.5511151231257827021e-16
0.0073119999999999999232 3.1918911957973250537e-15
0.0073279999999999994448 1.9428902930940239457e-16
0.0073439999999999998337 1.9428902930940239457e-15
0.0073599999999999993552 1.3877787807814456755e-16
0.0073759999999999997441 3.0531133177191804862e-16
0.0073919999999999992657 -2.4424906541753443889e-15
0.0074079999999999996546 1.2212453270876721945e-15
0.0074240000000000000435 1.1102230246251565404e-15
0.0074399999999999995651 3.6082248300317587564e-16
0.007455999999999999954 4.9960036108132044319e-16
0.0074719999999999994755 3.9412917374193057185e-15
0.0074879999999999998644 -1.304512053934558935e-15
0.007503999999999999386 2.7755575615628913511e-17
0.0075199999999999997749 8.0491169285323849181e-16
0.0075359999999999992965 -1.6653345369377348106e-16
0.0075519999999999996854 1.360023205165816762e-15
0.0075680000000000000743 -1.4988010832439613296e-15
0.0075839999999999995958 2.4702462297909733024e-15
0.0075999999999999999847 3.8857805861880478915e-15
0.0076159999999999995063 -1.0824674490095276269e-15
0.0076319999999999998952 -1.3322676295501878485e-15
0.0076479999999999994167 -8.3266726846886740532e-17
0.0076639999999999998057 2.9143354396410359186e-15
0.0076799999999999993272 -3.6082248300317587564e-16
0.0076959999999999997161 1.6098233857064769836e-15
0.0077119999999999992377 2.7755575615628913511e-15
0.0077279999999999996266 -3.3306690738754696213e-15
0.0077440000000000000155 -6.3005156647477633669e-15
0.007759999999999999537 -1.4988010832439613296e-15
0.0077759999999999999259 -7.771561172376095783e-16
0.0077919999999999994475 2.0816681711721685133e-15
0.0078079999999999998364 1.4432899320127035026e-15
0.007823999999999999358 2.1094237467877974268e-15
0.0078399999999999997469 -1.6930901125533637241e-15
0.0078560000000000001358 1.1102230246251565404e-15
0.00787199999999999879 1.3322676295501878485e-15
0.0078879999999999991789 -5.7731597280508140102e-15
0.0079039999999999995678 1.1657341758564143674e-15
0.0079199999999999999567 -1.6653345369377348106e-16
0.0079360000000000003456 9.1593399531575414585e-16
0.0079519999999999989998 1.1102230246251565404e-15
0.0079679999999999993887 -3.5527136788005009294e-15
0.0079839999999999997776 -2.1094237467877974268e-15
0.0080000000000000001665 1.8873791418627661187e-15
0.0080159999999999988207 3.1641356201816961402e-15
0.0080319999999999992096 9.4368957093138305936e-16
0.0080479999999999995985 1.5820678100908480701e-15
0.0080639999999999999875 2.2204460492503130808e-15
0.0080800000000000003764 -1.3877787807814456755e-15
0.0080959999999999990306 1.5820678100908480701e-15
0.0081119999999999994195 -8.3266726846886740532e-16
0.0081279999999999998084 -1.8041124150158793782e-15
0.0081440000000000001973 2.7755575615628913511e-16
0.0081599999999999988515 -1.0269562977782697999e-15
0.0081759999999999992404 2.3314683517128287349e-15
0.0081919999999999996293 -4.7462034302725442103e-15
0.0082080000000000000182 -5.5511151231257827021e-17
0.0082240000000000004071 -1.4432899320127035026e-15
0.0082399999999999990613 -1.6375789613221058971e-15
0.0082559999999999994502 -2.1649348980190552538e-15
0.0082719999999999998391 -9.1593399531575414585e-16
0.008288000000000000228 1.3322676295501878485e-15
0.0083039999999999988822 8.8817841970012523234e-16
0.0083199999999999992711 -3.5804692544161298429e-15
0.00833599999999999966 8.8817841970012523234e-16
0.008352000000000000049 -9.4368957093138305936e-16
0.0083680000000000004379 -2.60902410786911787e-15
0.0083839999999999990921 -1.9428902930940239457e-15
0.008399999999999999481 -1.2767564783189300215e-15
0.0084159999999999998699 3.8857805861880478915e-16
0.0084320000000000002588 1.304512053934558935e-15
0.008447999999999998913 2.3314683517128287349e-15
0.0084639999999999993019 1.0547118733938987134e-15
0.0084799999999999996908 1.1102230246251565404e-16
0.0084960000000000000797 -1.193489751472043281e-15
0.0085120000000000004686 -3.3861802251067274483e-15
0.0085279999999999991228 9.7144514654701197287e-16
0.0085439999999999995117 2.4147350785597154754e-15
0.0085599999999999999006 -2.3869795029440865619e-15
0.0085760000000000002895 -4.7184478546569152968e-16
0.0085919999999999989437 3.0531133177191804862e-16
0.0086079999999999993326 1.1379786002407854539e-15
0.0086239999999999997216 1.1102230246251565404e-16
0.0086400000000000001105 -3.2196467714129539672e-15
0.0086559999999999987647 -1.9428902930940239457e-16
0.0086719999999999991536 1.193489751472043281e-15
0.0086879999999999995425 4.1910919179599659401e-15
0.0087039999999999999314 -1.7763568394002504647e-15
0.0087200000000000003203 -3.7192471324942744104e-15
0.0087359999999999989745 9.1593399531575414585e-16
0.0087519999999999993634 9.7144514654701197287e-16
0.0087679999999999997523 -2.7755575615628913511e-15
0.0087840000000000001412 -1.8041124150158793782e-15
0.0087999999999999987954 8.6042284408449631883e-16
0.0088159999999999991843 3.3306690738754696213e-16
0.0088319999999999995732 -3.8857805861880478915e-16
0.0088479999999999999621 3.3306690738754696213e-16
0.0088640000000000003511 2.4702462297909733024e-15
0.0088799999999999990052 4.7184478546569152968e-15
0.0088959999999999993942 3.3306690738754696213e-16
0.0089119999999999997831 5.273559366969493567e-16
0.008928000000000000172 8.3266726846886740532e-16
0.0089439999999999988262 -2.7755575615628913511e-15
0.0089599999999999992151 -1.4432899320127035026e-15
0.008975999999999999604 -3.0253577421035515727e-15
0.0089919999999999999929 1.9428902930940239457e-16
0.0090080000000000003818 -3.6082248300317587564e-15
0.009023999999999999036 -1.3877787807814456755e-16
0.0090399999999999994249 9.4368957093138305936e-16
0.0090559999999999998138 2.6922908347160046105e-15
0.0090720000000000002027 -7.2164496600635175128e-16
0.0090879999999999988569 -1.8873791418627661187e-15
0.0091039999999999992458 -1.1102230246251565404e-16
0.0091199999999999996347 3.4694469519536141888e-15
0.0091360000000000000236 -2.60902410786911787e-15
0.0091520000000000004126 2.6367796834847467835e-15
0.0091679999999999990667 -5.273559366969493567e-16
0.0091839999999999994557 6.3837823915946501074e-16
0.0091999999999999998446 9.1593399531575414585e-16
0.0092160000000000002335 -5.5511151231257827021e-17
0.0092319999999999988877 -1.0547118733938987134e-15
0.0092479999999999992766 1.6653345369377348106e-16
0.0092639999999999996655 3.5249581031848720158e-15
0.0092800000000000000544 1.249000902703301108e-15
0.0092960000000000004433 -9.4368957093138305936e-16
0.0093119999999999990975 3.0531133177191804862e-15
0.0093279999999999994864 1.304512053934558935e-15
0.0093439999999999998753 -7.4940054162198066479e-16
0.0093600000000000002642 5.5511151231257827021e-16
0.0093759999999999989184 2.2204460492503130808e-15
0.0093919999999999993073 -9.4368957093138305936e-16
0.0094079999999999996962 2.7478019859472624375e-15
0.0094240000000000000852 -2.3869795029440865619e-15
0.0094399999999999987393 -3.0531133177191804862e-16
0.0094559999999999991283 3.6082248300317587564e-16
0.0094719999999999995172 -5.162537064506977913e-15
0.0094879999999999999061 -2.7755575615628913511e-16
0.009504000000000000295 9.9920072216264088638e-16
0.0095199999999999989492 -7.2164496600635175128e-16
0.0095359999999999993381 -4.6906922790412863833e-15
0.009551999999999999727 1.360023205165816762e-15
0.0095680000000000001159 -1.2212453270876721945e-15
0.0095839999999999987701 2.9143354396410359186e-15
0.009599999999999999159 -1.6653345369377348106e-16
0.0096159999999999995479 1.3322676295501878485e-15
0.0096319999999999999368 -6.9388939039072283776e-16
0.0096480000000000003257 -5.8286708792820718372e-16
0.0096639999999999989799 -2.0816681711721685133e-15
0.0096799999999999993688 1.4988010832439613296e-15
0.0096959999999999997577 -1.5543122344752191566e-15
0.0097120000000000001467 -9.7144514654701197287e-16
0.0097279999999999988008 -3.5527136788005009294e-15
0.0097439999999999991898 -1.9428902930940239457e-16
0.0097599999999999995787 2.7755575615628913511e-16
0.0097759999999999999676 -2.4702462297909733024e-15
0.0097920000000000003565 1.6375789613221058971e-15
0.0098079999999999990107 -3.2751579226442117942e-15
0.0098239999999999993996 -5.5511151231257827021e-16
0.0098399999999999997885 1.1102230246251565404e-15
0.0098560000000000001774 5.5511151231257827021e-17
0.0098719999999999988316 3.3306690738754696213e-16
0.0098879999999999992205 1.415534356397074589e-15
0.0099039999999999996094 9.7144514654701197287e-16
0.0099199999999999999983 -1.0269562977782697999e-15
0.0099360000000000003872 -2.2204460492503130808e-15
0.0099519999999999990414 -1.0824674490095276269e-15
0.0099679999999999994303 2.1649348980190552538e-15
0.0099839999999999998193 -2.553512956637860043e-15
0.010000000000000000208 -1.3877787807814456755e-15
0.010015999999999998862 4.5241588253475129022e-15
0.010031999999999999251 6.9388939039072283776e-16
0.01004799999999999964 1.4432899320127035026e-15
0.010064000000000000029 -3.6082248300317587564e-16
0.010079999999999998683 7.771561172376095783e-16
0.010095999999999999072 9.7144514654701197287e-16
0.010111999999999999461 -3.8857805861880478915e-16
0.01012799999999999985 -9.9920072216264088638e-16
0.010144000000000000239 8.6042284408449631883e-16
0.010159999999999998893 -2.1094237467877974268e-15
0.010175999999999999282 -1.8318679906315082917e-15
0.010191999999999999671 2.1371793224034263403e-15
0.01020800000000000006 -1.9706458687096528593e-15
0.010223999999999998714 -8.3266726846886740532e-16
0.010239999999999999103 2.1094237467877974268e-15
0.010255999999999999492 -2.7755575615628913511e-15
0.010271999999999999881 3.3029134982598407078e-15
0.01028800000000000027 1.9706458687096528593e-15
0.010303999999999998924 2.2204460492503130808e-15
0.010319999999999999313 -7.4940054162198066479e-16
0.010335999999999999702 -1.8596235662471372052e-15
0.010352000000000000091 -2.2204460492503130808e-16
0.010367999999999998745 1.5543122344752191566e-15
0.010383999999999999134 2.1371793224034263403e-15
0.010399999999999999523 2.498001805406602216e-16
0.010415999999999999912 -2.9976021664879226591e-15
0.0104320000000000003 8.8817841970012523234e-16
0.010447999999999998955 6.9388939039072283776e-16
0.010463999999999999344 9.1593399531575414585e-16
0.010479999999999999732 1.6653345369377348106e-16
0.010496000000000000121 -8.6042284408449631883e-16
0.010511999999999998776 -2.498001805406602216e-15
0.010527999999999999164 1.9428902930940239457e-15
0.010543999999999999553 0
0.010559999999999999942 3.4972025275692431023e-15
0.010576000000000000331 9.7144514654701197287e-16
0.010591999999999998985 -7.4940054162198066479e-16
0.010607999999999999374 3.5527136788005009294e-15
0.010623999999999999763 -3.3306690738754696213e-15
0.010640000000000000152 -1.6653345369377348106e-16
0.010655999999999998806 1.8041124150158793782e-15
0.010671999999999999195 -1.9984014443252817728e-15
0.010687999999999999584 1.5820678100908480701e-15
0.010703999999999999973 7.771561172376095783e-16
0.010720000000000000362 -2.0539125955565395998e-15
0.010735999999999999016 -1.0269562977782697999e-15
0.010751999999999999405 1.0547118733938987134e-15
0.010767999999999999794 -5.5511151231257827021e-17
0.010784000000000000183 3.6082248300317587564e-16
0.010799999999999998837 -3.5527136788005009294e-15
0.010815999999999999226 2.664535259100375697e-15
0.010831999999999999615 1.6098233857064769836e-15
0.010848000000000000004 -1.0269562977782697999e-15
0.010863999999999998658 1.3877787807814456755e-16
0.010879999999999999047 -1.6098233857064769836e-15
0.010895999999999999436 -2.3314683517128287349e-15
0.010911999999999999825 -8.3266726846886740532e-16
0.010928000000000000214 -2.720046410331633524e-15
0.010943999999999998868 -2.8310687127941491781e-15
0.010959999999999999257 -1.7763568394002504647e-15
0.010975999999999999646 3.0808688933348093997e-15
0.010992000000000000035 5.5511151231257827021e-16
0.011007999999999998689 -3.8857805861880478915e-15
0.011023999999999999078 -3.6082248300317587564e-16
0.011039999999999999467 4.4408920985006261617e-16
0.011055999999999999855 2.1649348980190552538e-15
0.011072000000000000244 5.5511151231257827021e-16
0.011087999999999998899 -1.5820678100908480701e-15
0.011103999999999999287 -1.1657341758564143674e-15
0.011119999999999999676 2.3037127760971998214e-15
0.011136000000000000065 2.1926904736346841673e-15
0.011151999999999998719 8.3266726846886740532e-17
0.011167999999999999108 -1.4988010832439613296e-15
0.011183999999999999497 1.415534356397074589e-15
0.011199999999999999886 -3.3306690738754696213e-16
0.011216000000000000275 -3.8857805861880478915e-16
0.011231999999999998929 3.858025010572418978e-15
0.011247999999999999318 -2.8865798640254070051e-15
0.011263999999999999707 -2.7755575615628913511e-16
0.011280000000000000096 -8.6042284408449631883e-16
0.01129599999999999875 4.9960036108132044319e-16
0.011311999999999999139 1.415534356397074589e-15
0.011327999999999999528 1.193489751472043281e-15
0.011343999999999999917 1.0824674490095276269e-15
0.011360000000000000306 -5.273559366969493567e-16
0.01137599999999999896 -1.249000902703301108e-15
0.011391999999999999349 1.3877787807814456755e-15
0.011407999999999999738 -2.7755575615628913511e-16
0.011424000000000000127 1.0824674490095276269e-15
0.011439999999999998781 -4.1633363423443370266e-16
0.01145599999999999917 -2.2482016248659419944e-15
0.011471999999999999559 3.8857805861880478915e-16
0.011487999999999999948 6.6613381477509392425e-16
0.011504000000000000337 0
0.011519999999999998991 -4.7184478546569152968e-16
0.01153599999999999938 8.3266726846886740532e-16
0.011551999999999999769 -1.1102230246251565404e-16
0.011568000000000000158 9.1593399531575414585e-16
0.011583999999999998812 7.2164496600635175128e-16
0.011599999999999999201 -1.4432899320127035026e-15
0.01161599999999999959 -4.4408920985006261617e-16
0.011631999999999999978 -3.6359804056473876699e-15
0.011647999999999998633 -1.7763568394002504647e-15
0.011663999999999999022 -4.9960036108132044319e-16
0.01167999999999999941 8.0491169285323849181e-16
0.011695999999999999799 1.8873791418627661187e-15
0.011712000000000000188 2.1926904736346841673e-15
0.011727999999999998842 1.0824674490095276269e-15
0.011743999999999999231 5.273559366969493567e-16
0.01175999999999999962 -1.6930901125533637241e-15
0.011776000000000000009 1.8318679906315082917e-15
0.011791999999999998663 -4.1910919179599659401e-15
0.011807999999999999052 -1.9706458687096528593e-15
0.011823999999999999441 -4.6906922790412863833e-15
0.01183999999999999983 -2.5257573810222311295e-15
0.011856000000000000219 9.4368957093138305936e-16
0.011871999999999998873 -2.2759572004815709079e-15
0.011887999999999999262 -7.0221606307541151182e-15
0.011903999999999999651 2.1371793224034263403e-15
0.01192000000000000004 1.1102230246251565404e-15
0.011935999999999998694 1.7763568394002504647e-15
0.011951999999999999083 6.1062266354383609723e-16
0.011967999999999999472 -3.0531133177191804862e-15
0.011983999999999999861 -2.664535259100375697e-15
0.01200000000000000025 -5.273559366969493567e-16
0.012015999999999998904 -3.858025010572418978e-15
0.012031999999999999293 -3.4416913763379852753e-15
0.012047999999999999682 1.7486012637846215512e-15
0.012064000000000000071 -1.9151347174783950322e-15
0.012079999999999998725 3.3306690738754696213e-15
0.012095999999999999114 1.0547118733938987134e-15
0.012111999999999999503 -2.1649348980190552538e-15
0.012127999999999999892 -1.7208456881689926377e-15
0.012144000000000000281 -1.5265566588595902431e-15
0.012159999999999998935 2.4147350785597154754e-15
0.012175999999999999324 -2.8588242884097780916e-15
0.012191999999999999713 -2.8310687127941491781e-15
0.012208000000000000101 3.5527136788005009294e-15
0.012223999999999998756 2.498001805406602216e-16
0.012239999999999999145 -6.9388939039072283776e-16
0.012255999999999999533 3.8857805861880478915e-15
0.012271999999999999922 4.1633363423443370266e-16
0.012288000000000000311 -2.3592239273284576484e-15
0.012303999999999998965 1.6930901125533637241e-15
0.012319999999999999354 1.4988010832439613296e-15
0.012335999999999999743 9.9920072216264088638e-16
0.012352000000000000132 9.7144514654701197287e-16
0.012367999999999998786 7.4940054162198066479e-16
0.012383999999999999175 6.3837823915946501074e-16
0.012399999999999999564 -4.4408920985006261617e-16
0.012415999999999999953 -1.4432899320127035026e-15
0.012431999999999998607 8.3266726846886740532e-17
0.012447999999999998996 3.4139358007223563618e-15
0.012463999999999999385 1.1102230246251565404e-16
0.012479999999999999774 1.249000902703301108e-15
0.012496000000000000163 -1.1102230246251565404e-15
0.012511999999999998817 -3.5249581031848720158e-15
0.012527999999999999206 7.2164496600635175128e-16
0.012543999999999999595 2.1094237467877974268e-15
0.012559999999999999984 -2.60902410786911787e-15
0.012575999999999998638 -1.1657341758564143674e-15
0.012591999999999999027 -1.5543122344752191566e-15
0.012607999999999999416 -5.5511151231257827021e-16
0.012623999999999999805 -7.4940054162198066479e-16
0.012640000000000000194 -8.0491169285323849181e-16
0.012655999999999998848 -1.8318679906315082917e-15
0.012671999999999999237 1.1102230246251565404e-16
0.012687999999999999626 -6.4948046940571657615e-15
0.012704000000000000015 2.664535259100375697e-15
0.012719999999999998669 -5.5511151231257827021e-16
0.012735999999999999058 -2.0816681711721685133e-15
0.012751999999999999447 -1.8596235662471372052e-15
0.012767999999999999836 -1.6653345369377348106e-16
0.012784000000000000224 2.7755575615628913511e-15
0.012799999999999998879 8.3266726846886740532e-17
0.012815999999999999268 -2.8310687127941491781e-15
0.012831999999999999656 -4.5519144009631418157e-15
0.012848000000000000045 6.1062266354383609723e-16
0.0128639999999999987 9.9920072216264088638e-16
0.012879999999999999089 1.9984014443252817728e-15
0.012895999999999999477 -2.9420910152566648321e-15
0.012911999999999999866 1.1657341758564143674e-15
0.012928000000000000255 -9.4368957093138305936e-16
0.012943999999999998909 -1.1657341758564143674e-15
0.012959999999999999298 -2.4424906541753443889e-15
0.012975999999999999687 -2.7755575615628913511e-16
0.012992000000000000076 1.3877787807814456755e-15
0.01300799999999999873 -1.4432899320127035026e-15
0.013023999999999999119 2.2204460492503130808e-16
0.013039999999999999508 9.4368957093138305936e-16
0.013055999999999999897 2.2204460492503130808e-15
0.013071999999999998551 -1.6653345369377348106e-15
0.01308799999999999894 -1.1102230246251565404e-16
0.013103999999999999329 -7.771561172376095783e-16
0.013119999999999999718 2.3314683517128287349e-15
0.013136000000000000107 -1.7763568394002504647e-15
0.013151999999999998761 1.6653345369377348106e-16
0.01316799999999999915 -9.9920072216264088638e-16
0.013183999999999999539 4.3298697960381105077e-15
0.013199999999999999928 -2.1094237467877974268e-15
0.013215999999999998582 0
0.013231999999999998971 -5.5511151231257827021e-16
0.01324799999999999936 -1.1102230246251565404e-15
0.013263999999999999749 1.8873791418627661187e-15
0.013280000000000000138 1.4988010832439613296e-15
0.013295999999999998792 -2.2204460492503130808e-16
0.013311999999999999181 3.7192471324942744104e-15
0.01332799999999999957 -1.7208456881689926377e-15
0.013343999999999999959 2.3314683517128287349e-15
0.013359999999999998613 -2.60902410786911787e-15
0.013375999999999999002 2.664535259100375697e-15
0.013391999999999999391 -9.4368957093138305936e-16
0.01340799999999999978 -9.4368957093138305936e-16
0.013424000000000000168 -4.9960036108132044319e-16
0.013439999999999998823 -4.9960036108132044319e-16
0.013455999999999999212 1.9428902930940239457e-15
0.0134719999999999996 9.4368957093138305936e-16
0.013487999999999999989 2.8310687127941491781e-15
0.013503999999999998644 4.9960036108132044319e-16
0.013519999999999999032 5.5511151231257827021e-16
0.013535999999999999421 -5.5511151231257827021e-17
0.01355199999999999981 1.8873791418627661187e-15
0.013568000000000000199 1.0547118733938987134e-15
0.013583999999999998853 -7.2164496600635175128e-16
0.013599999999999999242 1.5543122344752191566e-15
0.013615999999999999631 5.273559366969493567e-15
0.01363200000000000002 -8.3266726846886740532e-16
0.013647999999999998674 3.2751579226442117942e-15
0.013663999999999999063 1.6653345369377348106e-16
0.013679999999999999452 8.3266726846886740532e-16
0.013695999999999999841 4.5519144009631418157e-15
0.01371200000000000023 1.6653345369377348106e-16
0.013727999999999998884 -3.6082248300317587564e-15
0.013743999999999999273 7.2164496600635175128e-16
0.013759999999999999662 5.5511151231257827021e-16
0.013776000000000000051 -5.5511151231257827021e-17
0.013791999999999998705 2.3869795029440865619e-15
0.013807999999999999094 9.4368957093138305936e-16
0.013823999999999999483 -8.3266726846886740532e-16
0.013839999999999999872 -1.6653345369377348106e-16
0.013855999999999998526 2.7755575615628913511e-15
0.013871999999999998915 1.6653345369377348106e-16
0.013887999999999999304 5.5511151231257827021e-16
0.013903999999999999693 -1.8318679906315082917e-15
0.013920000000000000082 -1.0547118733938987134e-15
0.013935999999999998736 1.7208456881689926377e-15
0.013951999999999999125 -4.5519144009631418157e-15
0.013967999999999999514 1.8318679906315082917e-15
0.013983999999999999903 4.9960036108132044319e-16
0.013999999999999998557 -3.8857805861880478915e-16
0.014015999999999998946 1.0547118733938987134e-15
0.014031999999999999335 1.4988010832439613296e-15
0.014047999999999999723 -2.2204460492503130808e-16
0.014064000000000000112 -6.6613381477509392425e-16
0.014079999999999998767 7.771561172376095783e-16
0.014095999999999999155 1.6653345369377348106e-15
0.014111999999999999544 9.4368957093138305936e-16
0.014127999999999999933 5.5511151231257827021e-16
0.014143999999999998587 -1.7763568394002504647e-15
0.014159999999999998976 -2.60902410786911787e-15
0.014175999999999999365 -1.0547118733938987134e-15
0.014191999999999999754 -2.553512956637860043e-15
0.014208000000000000143 1.6653345369377348106e-15
0.014223999999999998797 1.0547118733938987134e-15
0.014239999999999999186 5.5511151231257827021e-17
0.014255999999999999575 4.9960036108132044319e-16
0.014271999999999999964 -2.3869795029440865619e-15
0.014287999999999998618 1.3322676295501878485e-15
0.014303999999999999007 2.8865798640254070051e-15
0.014319999999999999396 -1.3322676295501878485e-15
0.014335999999999999785 1.7208456881689926377e-15
0.014352000000000000174 -3.7192471324942744104e-15
0.014367999999999998828 1.6653345369377348106e-16
0.014383999999999999217 4.9960036108132044319e-16
0.014399999999999999606 -1.3322676295501878485e-15
0.014415999999999999995 4.4408920985006261617e-16
0.014431999999999998649 3.7192471324942744104e-15
0.014447999999999999038 -1.5543122344752191566e-15
0.014463999999999999427 -1.6653345369377348106e-16
0.014479999999999999816 -1.1102230246251565404e-16
0.014496000000000000205 1.5543122344752191566e-15
0.014511999999999998859 -3.3306690738754696213e-16
0.014527999999999999248 -8.8817841970012523234e-16
0.014543999999999999637 -2.2204460492503130808e-16
0.014560000000000000026 3.1086244689504383132e-15
0.01457599999999999868 -1.4988010832439613296e-15
0.014591999999999999069 -1.1102230246251565404e-15
0.014607999999999999458 8.3266726846886740532e-16
0.014623999999999999846 2.553512956637860043e-15
0.014639999999999998501 1.8318679906315082917e-15
0.01465599999999999889 -2.60902410786911787e-15
0.014671999999999999278 1.2212453270876721945e-15
0.014687999999999999667 3.8857805861880478915e-16
0.014704000000000000056 -9.9920072216264088638e-16
0.01471999999999999871 -2.9420910152566648321e-15
0.014735999999999999099 -2.9420910152566648321e-15
0.014751999999999999488 -2.498001805406602216e-15
0.014767999999999999877 6.1062266354383609723e-16
0.014783999999999998531 -3.1641356201816961402e-15
0.01479999999999999892 -2.1649348980190552538e-15
0.014815999999999999309 -1.1657341758564143674e-15
0.014831999999999999698 -4.8849813083506887779e-15
0.014848000000000000087 -9.4368957093138305936e-16
0.014863999999999998741 -3.8857805861880478915e-15
0.01487999999999999913 2.3314683517128287349e-15
0.014895999999999999519 1.3877787807814456755e-15
0.014911999999999999908 -3.8857805861880478915e-16
0.014927999999999998562 2.7755575615628913511e-16
0.014943999999999998951 4.6074255521943996428e-15
0.01495999999999999934 1.3877787807814456755e-15
0.014975999999999999729 -1.2212453270876721945e-15
0.014992000000000000118 -3.3861802251067274483e-15
0.015007999999999998772 -6.1062266354383609723e-16
0.015023999999999999161 -1.4432899320127035026e-15
0.01503999999999999955 -1.6098233857064769836e-15
0.015055999999999999939 -7.771561172376095783e-16
0.015071999999999998593 3.6082248300317587564e-15
0.015087999999999998982 4.8294701571194309508e-15
0.015103999999999999371 -2.720046410331633524e-15
0.01511999999999999976 6.6613381477509392425e-16
0.015136000000000000149 -1.1102230246251565404e-16
0.015151999999999998803 -1.6653345369377348106e-16
0.015167999999999999192 2.1649348980190552538e-15
0.015183999999999999581 1.1657341758564143674e-15
0.015199999999999999969 -2.720046410331633524e-15
0.015215999999999998624 -2.2204460492503130808e-16
0.015231999999999999013 -2.7755575615628913511e-16
0.015247999999999999401 -1.1102230246251565404e-15
0.01526399999999999979 -2.2759572004815709079e-15
0.015279999999999998445 -5.5511151231257827021e-16
0.015295999999999998833 3.8857805861880478915e-16
0.015311999999999999222 1.1102230246251565404e-15
0.015327999999999999611 -4.4964032497318839887e-15
0.015344 -4.4964032497318839887e-15
0.015359999999999998654 2.9976021664879226591e-15
0.015375999999999999043 2.1094237467877974268e-15
0.015391999999999999432 -3.2196467714129539672e-15
0.015407999999999999821 -3.1641356201816961402e-15
0.015423999999999998475 6.1062266354383609723e-16
0.015439999999999998864 2.7755575615628913511e-16
0.015455999999999999253 2.720046410331633524e-15
0.015471999999999999642 -6.6613381477509392425e-16
0.015488000000000000031 -1.9428902930940239457e-15
0.015503999999999998685 -2.1094237467877974268e-15
0.015519999999999999074 8.3266726846886740532e-16
0.015535999999999999463 2.9420910152566648321e-15
0.015551999999999999852 1.1102230246251565404e-16
0.015567999999999998506 -2.2204460492503130808e-16
0.015583999999999998895 4.9960036108132044319e-16
0.015599999999999999284 1.3877787807814456755e-15
0.015615999999999999673 8.8817841970012523234e-16
0.015632000000000000062 4.6629367034256574698e-15
0.015647999999999998716 1.8873791418627661187e-15
0.01566400000000000084 -1.7208456881689926377e-15
0.015679999999999999494 2.1094237467877974268e-15
0.015695999999999998148 -2.664535259100375697e-15
0.015712000000000000272 -9.9920072216264088638e-16
0.015727999999999998926 -8.3266726846886740532e-16
0.01574399999999999758 2.2204460492503130808e-16
0.015759999999999999704 2.1094237467877974268e-15
0.015775999999999998358 1.8318679906315082917e-15
0.015792000000000000481 -1.7208456881689926377e-15
0.015807999999999999136 2.1094237467877974268e-15
0.01582399999999999779 2.7755575615628913511e-15
0.015839999999999999913 4.2188474935755948536e-15
0.015855999999999998568 -3.0531133177191804862e-15
0.015872000000000000691 -1.6098233857064769836e-15
0.015887999999999999345 1.9428902930940239457e-15
0.015903999999999998 5.0515147620444622589e-15
0.015920000000000000123 -5.5511151231257827021e-17
0.015935999999999998777 5.5511151231257827021e-16
0.015952000000000000901 -8.8817841970012523234e-16
0.015967999999999999555 -2.498001805406602216e-15
0.015983999999999998209 -3.3306690738754696213e-16
0.016000000000000000333 -1.6653345369377348106e-16
0.016015999999999998987 8.8817841970012523234e-16
0.016031999999999997641 -1.1657341758564143674e-15
0.016047999999999999765 1.3877787807814456755e-15
0.016063999999999998419 3.4416913763379852753e-15
0.016080000000000000543 -1.6653345369377348106e-16
0.016095999999999999197 3.4416913763379852753e-15
0.016111999999999997851 1.1102230246251565404e-15
0.016127999999999999975 3.8857805861880478915e-16
0.016143999999999998629 1.4432899320127035026e-15
0.016160000000000000753 5.5511151231257827021e-17
0.016175999999999999407 -2.0539125955565395998e-15
0.016191999999999998061 -4.1633363423443370266e-15
0.016208000000000000185 8.3266726846886740532e-16
0.016223999999999998839 -2.1094237467877974268e-15
0.016240000000000000963 -2.2204460492503130808e-16
0.016255999999999999617 2.553512956637860043e-15
0.016271999999999998271 6.6613381477509392425e-16
0.016288000000000000395 -1.3877787807814456755e-15
0.016303999999999999049 2.2759572004815709079e-15
0.016319999999999997703 9.4368957093138305936e-16
0.016335999999999999827 4.2188474935755948536e-15
0.016351999999999998481 -1.2212453270876721945e-15
0.016368000000000000604 -1.5543122344752191566e-15
0.016383999999999999259 -2.7755575615628913511e-15
0.016399999999999997913 -2.2204460492503130808e-15
0.016416000000000000036 1.0547118733938987134e-15
0.016431999999999998691 -7.771561172376095783e-16
0.016448000000000000814 2.60902410786911787e-15
0.016463999999999999468 -6.6613381477509392425e-16
0.016479999999999998123 2.2204460492503130808e-16
0.016496000000000000246 -5.5511151231257827021e-17
0.0165119999999999989 -1.3877787807814456755e-15
0.016527999999999997555 2.1649348980190552538e-15
0.016543999999999999678 2.7755575615628913511e-16
0.016559999999999998332 6.1062266354383609723e-16
0.016576000000000000456 -1.4988010832439613296e-15
0.01659199999999999911 -2.8310687127941491781e-15
0.016607999999999997764 -4.4408920985006261617e-15
0.016623999999999999888 -2.553512956637860043e-15
0.016639999999999998542 -1.6653345369377348106e-15
0.016656000000000000666 -1.2767564783189300215e-15
0.01667199999999999932 -4.9960036108132044319e-16
0.016687999999999997974 1.9984014443252817728e-15
0.016704000000000000098 4.3853809472693683347e-15
0.016719999999999998752 -1.1102230246251565404e-15
0.016736000000000000876 6.6613381477509392425e-16
0.01675199999999999953 -4.7184478546569152968e-15
0.016767999999999998184 -1.3877787807814456755e-15
0.016784000000000000308 1.8318679906315082917e-15
0.016799999999999998962 -3.1086244689504383132e-15
0.016815999999999997616 -2.8310687127941491781e-15
0.01683199999999999974 2.3314683517128287349e-15
0.016847999999999998394 1.4988010832439613296e-15
0.016864000000000000518 3.8857805861880478915e-16
0.016879999999999999172 -1.1102230246251565404e-16
0.016895999999999997826 6.1062266354383609723e-16
0.01691199999999999995 4.4408920985006261617e-16
0.016927999999999998604 4.9960036108132044319e-16
0.016944000000000000727 1.8873791418627661187e-15
0.016959999999999999382 -1.2767564783189300215e-15
0.016975999999999998036 0
0.016992000000000000159 4.4408920985006261617e-16
0.017007999999999998814 -2.2204460492503130808e-16
0.017024000000000000937 2.2204460492503130808e-16
0.017039999999999999591 1.3322676295501878485e-15
0.017055999999999998246 2.720046410331633524e-15
0.017072000000000000369 2.720046410331633524e-15
0.017087999999999999023 2.664535259100375697e-15
0.017103999999999997678 -3.2751579226442117942e-15
0.017119999999999999801 2.7755575615628913511e-16
0.017135999999999998455 2.553512956637860043e-15
0.017152000000000000579 4.9960036108132044319e-16
0.017167999999999999233 2.2204460492503130808e-16
0.017183999999999997887 1.6653345369377348106e-16
0.017200000000000000011 0
0.017215999999999998665 -1.1102230246251565404e-15
0.017232000000000000789 2.720046410331633524e-15
0.017247999999999999443 -4.4408920985006261617e-16
0.017263999999999998097 1.1102230246251565404e-15
0.017280000000000000221 -5.5511151231257827021e-17
0.017295999999999998875 5.5511151231257827021e-15
0.017311999999999997529 7.2164496600635175128e-16
0.017327999999999999653 3.6637359812630165834e-15
0.017343999999999998307 -4.4408920985006261617e-16
0.017360000000000000431 7.771561172376095783e-16
0.017375999999999999085 3.9412917374193057185e-15
0.017391999999999997739 2.9976021664879226591e-15
0.017407999999999999863 6.1062266354383609723e-16
0.017423999999999998517 1.9428902930940239457e-15
0.017440000000000000641 -3.3306690738754696213e-16
0.017455999999999999295 -3.8857805861880478915e-15
0.017471999999999997949 -9.9920072216264088638e-16
0.017488000000000000073 2.7755575615628913511e-16
0.017503999999999998727 -3.4416913763379852753e-15
0.01752000000000000085 3.3306690738754696213e-15
0.017535999999999999505 7.2164496600635175128e-16
0.017551999999999998159 1.4432899320127035026e-15
0.017568000000000000282 -1.9428902930940239457e-15
0.017583999999999998937 2.1094237467877974268e-15
0.017599999999999997591 -3.1086244689504383132e-15
0.017615999999999999714 4.2743586448068526806e-15
0.017631999999999998369 -1.1102230246251565404e-16
0.017648000000000000492 1.1102230246251565404e-16
0.017663999999999999146 -6.6613381477509392425e-16
0.017679999999999997801 -1.9984014443252817728e-15
0.017695999999999999924 -2.0539125955565395998e-15
0.017711999999999998578 3.0531133177191804862e-15
0.017728000000000000702 2.7755575615628913511e-16
0.017743999999999999356 -5.5511151231257827021e-17
0.01775999999999999801 -1.9428902930940239457e-15
0.017776000000000000134 -2.664535259100375697e-15
0.017791999999999998788 -4.7739590058881731238e-15
0.017808000000000000912 2.498001805406602216e-15
0.017823999999999999566 1.1102230246251565404e-16
0.01783999999999999822 -4.6074255521943996428e-15
0.017856000000000000344 -2.1094237467877974268e-15
0.017871999999999998998 6.6613381477509392425e-16
0.017887999999999997652 -1.6098233857064769836e-15
0.017903999999999999776 -1.2212453270876721945e-15
0.01791999999999999843 3.3306690738754696213e-16
0.017936000000000000554 2.8865798640254070051e-15
0.017951999999999999208 -3.3306690738754696213e-16
0.017967999999999997862 1.4432899320127035026e-15
0.017983999999999999986 -2.7755575615628913511e-16
0.01799999999999999864 4.9960036108132044319e-16
0.018016000000000000764 -4.9960036108132044319e-16
0.018031999999999999418 6.6613381477509392425e-16
0.018047999999999998072 2.498001805406602216e-15
0.018064000000000000196 -2.1094237467877974268e-15
0.01807999999999999885 1.3877787807814456755e-15
0.018095999999999997504 -6.1062266354383609723e-16
0.018111999999999999628 -2.4424906541753443889e-15
0.018127999999999998282 -2.3314683517128287349e-15
0.018144000000000000405 -2.0539125955565395998e-15
0.01815999999999999906 2.0539125955565395998e-15
0.018175999999999997714 -3.2196467714129539672e-15
0.018191999999999999837 1.1102230246251565404e-16
0.018207999999999998492 -8.3266726846886740532e-16
0.018224000000000000615 1.6653345369377348106e-16
0.018239999999999999269 -3.7192471324942744104e-15
0.018255999999999997924 1.6098233857064769836e-15
0.018272000000000000047 3.8857805861880478915e-16
0.018287999999999998701 2.7755575615628913511e-15
0.018304000000000000825 6.6613381477509392425e-16
0.018319999999999999479 -3.1641356201816961402e-15
0.018335999999999998133 4.9960036108132044319e-16
0.018352000000000000257 3.8302694349567900645e-15
0.018367999999999998911 -4.9960036108132044319e-16
0.018383999999999997566 -3.4972025275692431023e-15
0.018399999999999999689 1.1102230246251565404e-16
0.018415999999999998343 -3.7747582837255322374e-15
0.018432000000000000467 -2.2204460492503130808e-16
0.018447999999999999121 4.7739590058881731238e-15
0.018463999999999997775 3.7192471324942744104e-15
0.018479999999999999899 1.2212453270876721945e-15
0.018495999999999998553 -1.8873791418627661187e-15
0.018512000000000000677 6.6613381477509392425e-16
0.018527999999999999331 5.5511151231257827021e-16
0.018543999999999997985 -2.9976021664879226591e-15
0.018560000000000000109 -2.3869795029440865619e-15
0.018575999999999998763 -7.771561172376095783e-16
0.018592000000000000887 8.3266726846886740532e-16
0.018607999999999999541 1.9984014443252817728e-15
0.018623999999999998195 8.8817841970012523234e-16
0.018640000000000000319 -1.6098233857064769836e-15
0.018655999999999998973 4.2188474935755948536e-15
0.018671999999999997627 7.771561172376095783e-16
0.018687999999999999751 3.1641356201816961402e-15
0.018703999999999998405 -2.60902410786911787e-15
0.018720000000000000528 -1.8873791418627661187e-15
0.018735999999999999183 5.5511151231257827021e-17
0.018751999999999997837 -1.2212453270876721945e-15
0.01876799999999999996 -2.2204460492503130808e-15
0.018783999999999998615 5.5511151231257827021e-16
0.018800000000000000738 -4.4408920985006261617e-15
0.018815999999999999392 9.9920072216264088638e-16
0.018831999999999998047 2.2204460492503130808e-16
0.01884800000000000017 -4.4408920985006261617e-16
0.018863999999999998824 -2.60902410786911787e-15
0.018879999999999997479 2.1094237467877974268e-15
0.018895999999999999602 -2.3314683517128287349e-15
0.018911999999999998257 -2.4424906541753443889e-15
0.01892800000000000038 1.3322676295501878485e-15
0.018943999999999999034 -1.8873791418627661187e-15
0.018959999999999997689 -4.4964032497318839887e-15
0.018975999999999999812 1.1102230246251565404e-15
0.018991999999999998466 1.8318679906315082917e-15
0.01900800000000000059 -4.9960036108132044319e-16
0.019023999999999999244 1.0547118733938987134e-15
0.019039999999999997898 9.4368957093138305936e-16
0.019056000000000000022 3.6082248300317587564e-15
0.019071999999999998676 -1.9984014443252817728e-15
0.0190880000000000008 -9.9920072216264088638e-16
0.019103999999999999454 -3.1086244689504383132e-15
0.019119999999999998108 -2.7755575615628913511e-16
0.019136000000000000232 1.2767564783189300215e-15
0.019151999999999998886 6.1062266354383609723e-16
0.01916799999999999754 1.7763568394002504647e-15
0.019183999999999999664 -4.3298697960381105077e-15
0.019199999999999998318 -1.3322676295501878485e-15
0.019216000000000000442 1.1657341758564143674e-15
0.019231999999999999096 3.8857805861880478915e-16
0.01924799999999999775 -2.1094237467877974268e-15
0.019263999999999999874 -2.2204460492503130808e-15
0.019279999999999998528 7.2164496600635175128e-16
0.019296000000000000651 2.4424906541753443889e-15
0.019311999999999999306 4.4408920985006261617e-16
0.01932799999999999796 -1.2212453270876721945e-15
0.019344000000000000083 5.5511151231257827021e-17
0.019359999999999998738 3.2751579226442117942e-15
0.019375999999999997392 3.3306690738754696213e-16
0.019391999999999999515 2.7755575615628913511e-16
0.01940799999999999817 -1.2212453270876721945e-15
0.019424000000000000293 -1.1102230246251565404e-16
0.019439999999999998948 6.1062266354383609723e-16
0.019455999999999997602 -9.4368957093138305936e-16
0.019471999999999999725 1.7208456881689926377e-15
0.01948799999999999838 9.9920072216264088638e-16
0.019504000000000000503 -6.6613381477509392425e-16
0.019519999999999999157 1.3322676295501878485e-15
0.019535999999999997812 -5.9952043329758453183e-15
0.019551999999999999935 -1.5543122344752191566e-15
0.019567999999999998589 1.2212453270876721945e-15
0.019584000000000000713 -3.1086244689504383132e-15
0.019599999999999999367 3.8857805861880478915e-16
0.019615999999999998021 -9.4368957093138305936e-16
0.019632000000000000145 -1.4432899320127035026e-15
0.019647999999999998799 3.0531133177191804862e-15
0.019663999999999997453 -1.4988010832439613296e-15
0.019679999999999999577 -1.3877787807814456755e-15
0.019695999999999998231 -5.1070259132757200859e-15
0.019712000000000000355 -6.1062266354383609723e-16
0.019727999999999999009 1.9428902930940239457e-15
0.019743999999999997663 -1.1102230246251565404e-15
0.019759999999999999787 3.3861802251067274483e-15
0.019775999999999998441 1.5543122344752191566e-15
0.019792000000000000565 8.3266726846886740532e-16
0.019807999999999999219 -9.9920072216264088638e-16
0.019823999999999997873 4.4408920985006261617e-16
0.019839999999999999997 7.771561172376095783e-16
0.019855999999999998651 5.329070518200751394e-15
0.019872000000000000774 4.1078251911130791996e-15
0.019887999999999999429 1.6653345369377348106e-15
0.019903999999999998083 -5.5511151231257827021e-17
0.019920000000000000207 2.0539125955565395998e-15
0.019935999999999998861 2.720046410331633524e-15
0.019951999999999997515 8.8817841970012523234e-16
0.019967999999999999639 -1.2212453270876721945e-15
0.019983999999999998293 -5.5511151231257827021e-16
0.020000000000000000416 -3.3306690738754696213e-16
0.020015999999999999071 1.0547118733938987134e-15
0.020031999999999997725 -1.1102230246251565404e-16
0.020047999999999999848 2.7755575615628913511e-16
0.020063999999999998503 4.4408920985006261617e-16
0.020080000000000000626 1.1102230246251565404e-15
0.02009599999999999928 3.2751579226442117942e-15
0.020111999999999997935 -2.0539125955565395998e-15
0.020128000000000000058 1.9984014443252817728e-15
0.020143999999999998712 -2.8310687127941491781e-15
0.020159999999999997367 3.8857805861880478915e-16
0.02017599999999999949 1.1102230246251565404e-16
0.020191999999999998144 -1.1657341758564143674e-15
0.020208000000000000268 4.2743586448068526806e-15
0.020223999999999998922 -1.9984014443252817728e-15
0.020239999999999997576 9.9920072216264088638e-16
0.0202559999999999997 1.5543122344752191566e-15
0.020271999999999998354 -3.7192471324942744104e-15
0.020288000000000000478 -4.4408920985006261617e-16
0.020303999999999999132 7.2164496600635175128e-16
0.020319999999999997786 2.8310687127941491781e-15
0.02033599999999999991 1.1657341758564143674e-15
0.020351999999999998564 -3.2196467714129539672e-15
0.020368000000000000688 -1.3322676295501878485e-15
0.020383999999999999342 1.3877787807814456755e-15
0.020399999999999997996 1.8873791418627661187e-15
0.02041600000000000012 7.2164496600635175128e-16
0.020431999999999998774 2.8865798640254070051e-15
0.020447999999999997428 -2.9420910152566648321e-15
0.020463999999999999552 5.7176485768195561832e-15
0.020479999999999998206 -4.9960036108132044319e-16
0.02049600000000000033 8.8817841970012523234e-16
0.020511999999999998984 -2.60902410786911787e-15
0.020527999999999997638 -2.3314683517128287349e-15
0.020543999999999999762 -2.0539125955565395998e-15
0.020559999999999998416 1.1102230246251565404e-15
0.020576000000000000539 -7.771561172376095783e-16
0.020591999999999999194 -1.6653345369377348106e-16
0.020607999999999997848 -2.9976021664879226591e-15
0.020623999999999999971 -8.8817841970012523234e-16
0.020639999999999998626 1.3322676295501878485e-15
0.020656000000000000749 9.9920072216264088638e-16
0.020671999999999999403 -5.329070518200751394e-15
0.020687999999999998058 2.7755575615628913511e-16
0.020704000000000000181 -3.8857805861880478915e-16
0.020719999999999998835 -1.1102230246251565404e-15
0.02073599999999999749 1.9428902930940239457e-15
0.020751999999999999613 -8.3266726846886740532e-16
0.020767999999999998267 -1.0547118733938987134e-15
0.020784000000000000391 1.3877787807814456755e-15
0.020799999999999999045 -1.9428902930940239457e-15
0.020815999999999997699 -1.9428902930940239457e-15
0.020831999999999999823 -6.6613381477509392425e-16
0.020847999999999998477 1.9428902930940239457e-15
0.020864000000000000601 1.8318679906315082917e-15
0.020879999999999999255 8.8817841970012523234e-16
0.020895999999999997909 2.0539125955565395998e-15
0.020912000000000000033 -1.1657341758564143674e-15
0.020927999999999998687 -3.4972025275692431023e-15
0.020943999999999997341 -1.5543122344752191566e-15
0.020959999999999999465 2.2204460492503130808e-15
0.020975999999999998119 -2.3314683517128287349e-15
0.020992000000000000243 -1.7763568394002504647e-15
0.021007999999999998897 1.9984014443252817728e-15
0.021023999999999997551 1.0547118733938987134e-15
0.021039999999999999675 1.1657341758564143674e-15
0.021055999999999998329 4.9960036108132044319e-16
0.021072000000000000453 2.3869795029440865619e-15
0.021087999999999999107 -3.6637359812630165834e-15
0.021103999999999997761 8.8817841970012523234e-16
0.021119999999999999885 1.5543122344752191566e-15
0.021135999999999998539 4.9404924595819466049e-15
0.021152000000000000662 -3.7192471324942744104e-15
0.021167999999999999317 8.3266726846886740532e-16
0.021183999999999997971 -1.3877787807814456755e-15
0.021200000000000000094 1.4432899320127035026e-15
0.021215999999999998749 1.8873791418627661187e-15
0.021231999999999997403 3.8857805861880478915e-16
0.021247999999999999526 6.6613381477509392425e-16
0.021263999999999998181 -1.4432899320127035026e-15
0.021280000000000000304 -1.8873791418627661187e-15
0.021295999999999998958 -3.8857805861880478915e-16
0.021311999999999997613 -5.0515147620444622589e-15
0.021327999999999999736 -1.6653345369377348106e-15
0.02134399999999999839 -1.9428902930940239457e-15
0.021360000000000000514 -3.6082248300317587564e-15
0.021375999999999999168 1.4432899320127035026e-15
0.021391999999999997822 2.1649348980190552538e-15
0.021407999999999999946 -2.9420910152566648321e-15
0.0214239999999999986 1.4988010832439613296e-15
0.021440000000000000724 1.9984014443252817728e-15
0.021455999999999999378 -4.4408920985006261617e-16
0.021471999999999998032 1.3322676295501878485e-15
0.021488000000000000156 6.1062266354383609723e-16
0.02150399999999999881 6.6613381477509392425e-16
0.021519999999999997464 -2.1094237467877974268e-15
0.021535999999999999588 -4.1633363423443370266e-15
0.021551999999999998242 3.0531133177191804862e-15
0.021568000000000000366 1.5543122344752191566e-15
0.02158399999999999902 -1.7208456881689926377e-15
0.021599999999999997674 -3.4972025275692431023e-15
0.021615999999999999798 -3.3861802251067274483e-15
0.021631999999999998452 -2.3869795029440865619e-15
0.021648000000000000576 4.9960036108132044319e-16
0.02166399999999999923 0
0.021679999999999997884 -1.6653345369377348106e-16
0.021696000000000000008 4.9960036108132044319e-16
0.021711999999999998662 -1.8873791418627661187e-15
0.021727999999999997316 -2.1094237467877974268e-15
0.02174399999999999944 2.0539125955565395998e-15
0.021759999999999998094 1.2767564783189300215e-15
0.021776000000000000217 -1.2212453270876721945e-15
0.021791999999999998872 -3.1086244689504383132e-15
0.021807999999999997526 -9.9920072216264088638e-16
0.021823999999999999649 1.7208456881689926377e-15
0.021839999999999998304 -2.2204460492503130808e-16
0.021856000000000000427 3.4416913763379852753e-15
0.021871999999999999081 2.2204460492503130808e-16
0.021887999999999997736 8.8817841970012523234e-16
0.021903999999999999859 2.8310687127941491781e-15
0.021919999999999998513 5.5511151231257827021e-17
0.021936000000000000637 -1.4988010832439613296e-15
0.021951999999999999291 -5.5511151231257827021e-17
0.021967999999999997945 -2.0539125955565395998e-15
0.021984000000000000069 6.6613381477509392425e-16
0.021999999999999998723 -3.0531133177191804862e-15
0.022015999999999997377 1.0547118733938987134e-15
0.022031999999999999501 -4.9960036108132044319e-16
0.022047999999999998155 -7.2164496600635175128e-16
0.022064000000000000279 3.8857805861880478915e-16
0.022079999999999998933 0
0.022095999999999997587 -9.4368957093138305936e-16
0.022111999999999999711 -2.7755575615628913511e-16
0.022127999999999998365 9.9920072216264088638e-16
0.022144000000000000489 1.6653345369377348106e-16
0.022159999999999999143 -2.2759572004815709079e-15
0.022175999999999997797 1.5543122344752191566e-15
0.022191999999999999921 0
0.022207999999999998575 -3.4972025275692431023e-15
0.022224000000000000699 -3.1086244689504383132e-15
0.022239999999999999353 5.5511151231257827021e-16
0.022255999999999998007 2.1649348980190552538e-15
0.022272000000000000131 -5.5511151231257827021e-16
0.022287999999999998785 -1.9428902930940239457e-15
0.022303999999999997439 -3.3306690738754696213e-16
0.022319999999999999563 -1.1657341758564143674e-15
0.022335999999999998217 1.2212453270876721945e-15
0.02235200000000000034 5.5511151231257827021e-16
0.022367999999999998995 -6.1062266354383609723e-16
0.022383999999999997649 9.9920072216264088638e-16
0.022399999999999999772 -2.7755575615628913511e-16
0.022415999999999998427 -2.0539125955565395998e-15
0.02243200000000000055 2.7755575615628913511e-16
0.022447999999999999204 2.1649348980190552538e-15
0.022463999999999997859 -1.9984014443252817728e-15
0.022479999999999999982 1.0547118733938987134e-15
0.022495999999999998636 -1.8873791418627661187e-15
0.022511999999999997291 -4.9960036108132044319e-16
0.022527999999999999414 -8.8817841970012523234e-16
0.022543999999999998068 -4.9404924595819466049e-15
0.022560000000000000192 1.9428902930940239457e-15
0.022575999999999998846 2.1094237467877974268e-15
0.0225919999999999975 -3.2196467714129539672e-15
0.022607999999999999624 1.3877787807814456755e-15
0.022623999999999998278 -2.1094237467877974268e-15
0.022640000000000000402 -4.4408920985006261617e-16
0.022655999999999999056 -2.720046410331633524e-15
0.02267199999999999771 1.7208456881689926377e-15
0.022687999999999999834 1.8873791418627661187e-15
0.022703999999999998488 -2.3314683517128287349e-15
0.022720000000000000612 1.8318679906315082917e-15
0.022735999999999999266 -4.4408920985006261617e-16
0.02275199999999999792 -5.5511151231257827021e-17
0.022768000000000000044 2.2204460492503130808e-16
0.022783999999999998698 3.9412917374193057185e-15
0.022799999999999997352 5.5511151231257827021e-16
0.022815999999999999476 1.2767564783189300215e-15
0.02283199999999999813 -2.7755575615628913511e-16
0.022848000000000000254 -1.6653345369377348106e-15
0.022863999999999998908 -3.3306690738754696213e-16
0.022879999999999997562 -9.9920072216264088638e-16
0.022895999999999999686 5.5511151231257827021e-16
0.02291199999999999834 -1.1102230246251565404e-16
0.022928000000000000463 2.2204460492503130808e-15
0.022943999999999999118 -1.5543122344752191566e-15
0.022959999999999997772 -3.3306690738754696213e-15
0.022975999999999999895 -2.7755575615628913511e-16
0.02299199999999999855 1.3877787807814456755e-15
0.023008000000000000673 2.1094237467877974268e-15
0.023023999999999999327 8.3266726846886740532e-16
0.023039999999999997982 -1.1102230246251565404e-15
0.023056000000000000105 3.9968028886505635455e-15
0.023071999999999998759 -3.1641356201816961402e-15
0.023087999999999997414 2.2204460492503130808e-15
0.023103999999999999537 -2.1649348980190552538e-15
0.023119999999999998191 -1.7763568394002504647e-15
0.023136000000000000315 -1.3322676295501878485e-15
0.023151999999999998969 2.664535259100375697e-15
0.023167999999999997623 3.0531133177191804862e-15
0.023183999999999999747 -2.2204460492503130808e-16
0.023199999999999998401 5.6621374255882983562e-15
0.023216000000000000525 2.8865798640254070051e-15
0.023231999999999999179 1.1657341758564143674e-15
0.023247999999999997833 1.4988010832439613296e-15
0.023263999999999999957 -4.4408920985006261617e-16
0.023279999999999998611 -8.8817841970012523234e-16
0.023295999999999997265 1.1102230246251565404e-15
0.023311999999999999389 6.1062266354383609723e-16
0.023327999999999998043 7.771561172376095783e-16
0.023344000000000000167 -1.7763568394002504647e-15
0.023359999999999998821 4.4408920985006261617e-15
0.023375999999999997475 -4.9960036108132044319e-16
0.023391999999999999599 -1.5543122344752191566e-15
0.023407999999999998253 3.6082248300317587564e-15
0.023424000000000000377 4.9960036108132044319e-16
0.023439999999999999031 1.3877787807814456755e-15
0.023455999999999997685 7.2164496600635175128e-16
0.023471999999999999809 -1.5543122344752191566e-15
0.023487999999999998463 2.9420910152566648321e-15
0.023504000000000000586 -1.1102230246251565404e-16
0.023519999999999999241 6.6613381477509392425e-16
0.023535999999999997895 -3.5527136788005009294e-15
0.023552000000000000018 1.8318679906315082917e-15
0.023567999999999998673 2.7755575615628913511e-16
0.023583999999999997327 -3.7747582837255322374e-15
0.02359999999999999945 -4.9960036108132044319e-16
0.023615999999999998105 -1.1102230246251565404e-15
0.023632000000000000228 1.4988010832439613296e-15
0.023647999999999998882 1.9984014443252817728e-15
0.023663999999999997537 6.6613381477509392425e-16
0.02367999999999999966 5.5511151231257827021e-16
0.023695999999999998314 4.6074255521943996428e-15
0.023712000000000000438 -3.8857805861880478915e-15
0.023727999999999999092 -2.1649348980190552538e-15
0.023743999999999997746 2.498001805406602216e-15
0.02375999999999999987 6.1062266354383609723e-16
0.023775999999999998524 1.3877787807814456755e-15
0.023792000000000000648 3.8857805861880478915e-16
0.023807999999999999302 1.1102230246251565404e-15
0.023823999999999997956 -1.6098233857064769836e-15
0.02384000000000000008 -3.3861802251067274483e-15
0.023855999999999998734 6.6613381477509392425e-16
0.023871999999999997388 -1.1102230246251565404e-16
0.023887999999999999512 -3.4972025275692431023e-15
0.023903999999999998166 -8.8817841970012523234e-16
0.02392000000000000029 -5.5511151231257827021e-17
0.023935999999999998944 9.9920072216264088638e-16
0.023951999999999997598 4.3853809472693683347e-15
0.023967999999999999722 -1.8318679906315082917e-15
0.023983999999999998376 -1.6653345369377348106e-16
0.0240000000000000005 9.9920072216264088638e-16
0.024015999999999999154 2.2204460492503130808e-15
0.024031999999999997808 4.1078251911130791996e-15
0.024047999999999999932 -2.9976021664879226591e-15
0.024063999999999998586 -7.771561172376095783e-16
0.02407999999999999724 1.2212453270876721945e-15
0.024095999999999999364 -3.3306690738754696213e-16
0.024111999999999998018 -1.6653345369377348106e-15
0.024128000000000000141 1.1102230246251565404e-16
0.024143999999999998796 -3.4416913763379852753e-15
0.02415999999999999745 2.1094237467877974268e-15
0.024175999999999999573 7.771561172376095783e-16
0.024191999999999998228 2.9976021664879226591e-15
0.024208000000000000351 1.1102230246251565404e-16
0.024223999999999999005 6.6613381477509392425e-16
0.02423999999999999766 6.6613381477509392425e-16
0.024255999999999999783 0
0.024271999999999998437 -2.7755575615628913511e-15
0.024288000000000000561 3.5527136788005009294e-15
0.024303999999999999215 3.2196467714129539672e-15
0.024319999999999997869 3.8857805861880478915e-15
0.024335999999999999993 -5.5511151231257827021e-16
0.024351999999999998647 3.2196467714129539672e-15
0.024367999999999997301 -1.1102230246251565404e-16
0.024383999999999999425 -3.8857805861880478915e-15
0.024399999999999998079 -5.21804821573823574e-15
0.024416000000000000203 9.9920072216264088638e-16
0.024431999999999998857 -1.7763568394002504647e-15
0.024447999999999997511 -3.3306690738754696213e-16
0.024463999999999999635 -2.3314683517128287349e-15
0.024479999999999998289 5.5511151231257827021e-16
0.024496000000000000413 1.1102230246251565404e-16
0.024511999999999999067 -3.1086244689504383132e-15
0.024527999999999997721 -2.3314683517128287349e-15
0.024543999999999999845 -2.2204460492503130808e-15
0.024559999999999998499 1.6653345369377348106e-15
0.024576000000000000623 -8.8817841970012523234e-16
0.024591999999999999277 -3.1086244689504383132e-15
0.024607999999999997931 -2.2204460492503130808e-15
0.024624000000000000055 -2.1094237467877974268e-15
0.024639999999999998709 8.8817841970012523234e-16
0.024655999999999997363 0
0.024671999999999999487 2.7755575615628913511e-15
0.024687999999999998141 1.4432899320127035026e-15
0.024704000000000000264 1.9984014443252817728e-15
0.024719999999999998919 1.3322676295501878485e-15
0.024735999999999997573 1.2212453270876721945e-15
0.024751999999999999696 1.8873791418627661187e-15
0.024767999999999998351 -5.5511151231257827021e-16
0.024784000000000000474 -2.553512956637860043e-15
0.024799999999999999128 -4.4408920985006261617e-16
0.024815999999999997783 -5.329070518200751394e-15
0.024831999999999999906 2.1094237467877974268e-15
0.02484799999999999856 -3.3306690738754696213e-16
0.024863999999999997215 1.1102230246251565404e-15
0.024879999999999999338 -3.2196467714129539672e-15
0.024895999999999997992 -2.2204460492503130808e-16
0.024912000000000000116 2.8865798640254070051e-15
0.02492799999999999877 1.8873791418627661187e-15
0.024943999999999997425 1.6653345369377348106e-15
0.024959999999999999548 -3.6637359812630165834e-15
0.024975999999999998202 -4.4408920985006261617e-16
0.024992000000000000326 4.5519144009631418157e-15
0.02500799999999999898 -7.771561172376095783e-16
