0.025008
-1 -1.0468557046136734989
-0.99799999999999999822 -1.0482521149834569396
-0.99599999999999999645 -1.0496538282240961415
-0.99399999999999999467 -1.0510588608625162088
-0.99199999999999999289 -1.0524664124711700097
-0.98999999999999999112 -1.0538759876936940607
-0.98799999999999998934 -1.0552871916183066414
-0.98599999999999998757 -1.0566996915865722872
-0.98399999999999998579 -1.0581132127844432578
-0.98199999999999998401 -1.059527511598516103
-0.97999999999999998224 -1.0609423569156364309
-0.97799999999999998046 -1.0623575200885551073
-0.97599999999999997868 -1.0637727731200024017
-0.97399999999999997691 -1.0651878865932038476
-0.97199999999999997513 -1.0666026269520709757
-0.96999999999999997335 -1.0680167532990716417
-0.96799999999999997158 -1.0694300145706181482
-0.9659999999999999698 -1.0708421469277438209
-0.96399999999999996803 -1.072252871400132257
-0.96199999999999996625 -1.0736618917613554025
-0.95999999999999996447 -1.0750688926907447929
-0.9579999999999999627 -1.0764735382215202542
-0.95599999999999996092 -1.0778754704783624074
-0.95399999999999995914 -1.0792743086915534967
-0.95199999999999995737 -1.0806696484726072693
-0.94999999999999995559 -1.0820610613286236745
-0.94799999999999995381 -1.0834480943895150595
-0.94599999999999995204 -1.0848302703194456775
-0.94399999999999995026 -1.0862070873830618201
-0.94199999999999994849 -1.0875780196373443509
-0.93999999999999994671 -1.0889425172213287318
-0.93799999999999994493 -1.0903000067181833899
-0.93599999999999994316 -1.0916498915669972103
-0.9340000000000000524 -1.0929915525049092029
-0.93200000000000005063 -1.0943243480236746201
-0.93000000000000004885 -1.09564761482826456
-0.92800000000000004707 -1.0969606682884602833
-0.9260000000000000453 -1.0982628028775411888
-0.92400000000000004352 -1.0995532925949782488
-0.92200000000000004174 -1.1008313913724832034
-0.92000000000000003997 -1.1020963334648123944
-0.91800000000000003819 -1.1033473338283670273
-0.91600000000000003642 -1.1045835884918966396
-0.91400000000000003464 -1.1058042749245216019
-0.91200000000000003286 -1.107008552406891333
-0.91000000000000003109 -1.1081955624116179848
-0.90800000000000002931 -1.1093644289992252716
-0.90600000000000002753 -1.1105142592357755138
-0.90400000000000002576 -1.1116441436381148122
-0.90200000000000002398 -1.1127531566523509721
-0.9000000000000000222 -1.1138403571707777839
-0.89800000000000002043 -1.1149047890920176229
-0.89600000000000001865 -1.1159454819286860339
-0.89400000000000001688 -1.1169614514663925853
-0.8920000000000000151 -1.11795170047739445
-0.89000000000000001332 -1.1189152194917462158
-0.88800000000000001155 -1.119850987628349781
-0.88600000000000000977 -1.1207579734878350131
-0.88400000000000000799 -1.1216351361086993599
-0.88200000000000000622 -1.122481425987702286
-0.88000000000000000444 -1.1232957861651964304
-0.87800000000000000266 -1.1240771533756819256
-0.87600000000000000089 -1.1248244592632463679
-0.87399999999999999911 -1.1255366316609958233
-0.87199999999999999734 -1.126212595933497207
-0.86999999999999999556 -1.1268512763812557065
-0.86799999999999999378 -1.1274515977054306859
-0.86599999999999999201 -1.128012486529575531
-0.86399999999999999023 -1.1285328729749573018
-0.86199999999999998845 -1.1290116922875501615
-0.85999999999999998668 -1.1294478865152419722
-0.8579999999999999849 -1.1298404062304294726
-0.85599999999999998312 -1.1301882122892366045
-0.85399999999999998135 -1.1304902776209337922
-0.85199999999999997957 -1.1307455890489110928
-0.8499999999999999778 -1.1309531491457598396
-0.84799999999999997602 -1.1311119781121119487
-0.84599999999999997424 -1.1312211156556892799
-0.84399999999999997247 -1.1312796228562151946
-0.84199999999999997069 -1.1312865840303341081
-0.83999999999999996891 -1.1312411086216267453
-0.83799999999999996714 -1.1311423331080361354
-0.83599999999999996536 -1.1309894228725532184
-0.83399999999999996358 -1.1307815739833622093
-0.83199999999999996181 -1.1305180148881863733
-0.82999999999999996003 -1.1301980080807436657
-0.82799999999999995826 -1.1298208517880226065
-0.82599999999999995648 -1.1293858816912072385
-0.8239999999999999547 -1.128892472709940531
-0.82199999999999995293 -1.1283400409269992437
-0.81999999999999995115 -1.1277280456587948088
-0.81799999999999994937 -1.1270559914113029709
-0.8159999999999999476 -1.1263234292133843528
-0.81399999999999994582 -1.125529956976790924
-0.81199999999999994404 -1.124675219213553401
-0.80999999999999994227 -1.1237589071856866063
-0.80800000000000005151 -1.1227807606032129684
-0.80600000000000004974 -1.1217405709880063913
-0.80400000000000004796 -1.1206381853627527256
-0.80200000000000004619 -1.119473508158520092
-0.80000000000000004441 -1.1182464999192909261
-0.79800000000000004263 -1.1169571731642276013
-0.79600000000000004086 -1.1156055874071608702
-0.79400000000000003908 -1.1141918456869701615
-0.7920000000000000373 -1.1127160938732054696
-0.79000000000000003553 -1.1111785223407342205
-0.78800000000000003375 -1.109579368485769546
-0.78600000000000003197 -1.1079189185409508145
-0.7840000000000000302 -1.1061975079600951943
-0.78200000000000002842 -1.1044155205616001947
-0.78000000000000002665 -1.1025733870804583781
-0.77800000000000002487 -1.1006715836953442356
-0.77600000000000002309 -1.0987106307473855082
-0.77400000000000002132 -1.0966910915762664303
-0.77200000000000001954 -1.0946135713114102384
-0.77000000000000001776 -1.0924787155208359746
-0.76800000000000001599 -1.0902872087159301007
-0.76600000000000001421 -1.0880397727580353173
-0.76400000000000001243 -1.0857371652074392365
-0.76200000000000001066 -1.0833801776305409525
-0.76000000000000000888 -1.0809696338649341651
-0.75800000000000000711 -1.0785063882410190761
-0.75600000000000000533 -1.0759913237645488682
-0.75400000000000000355 -1.0734253502689379278
-0.75200000000000000178 -1.0708094025467664867
-0.75 -1.0681444384685141458
-0.74799999999999999822 -1.0654314370953137381
-0.74599999999999999645 -1.0626713967921299631
-0.74399999999999999467 -1.0598653333478151861
-0.74199999999999999289 -1.0570142781084732597
-0.73999999999999999112 -1.0541192761303046499
-0.73799999999999998934 -1.0511813843577251237
-0.73599999999999998757 -1.0482016698321550141
-0.73399999999999998579 -1.0451812079365137009
-0.73199999999999998401 -1.0421210806800924598
-0.72999999999999998224 -1.039022375028103129
-0.72799999999999998046 -1.0358861812798034752
-0.72599999999999997868 -1.0327135914987011223
-0.72399999999999997691 -1.029505697997936009
-0.72199999999999997513 -1.0262635918835407711
-0.71999999999999997335 -1.0229883616578894223
-0.71799999999999997158 -1.0196810918852534655
-0.7159999999999999698 -1.0163428619210099768
-0.71399999999999996803 -1.0129747447056798304
-0.71199999999999996625 -1.0095778056246198506
-0.70999999999999996447 -1.0061531014338571666
-0.7079999999999999627 -1.0027016792522327471
-0.70599999999999996092 -0.99922457561971833595
-0.70399999999999995914 -0.99572281562148579059
-0.70199999999999995737 -0.99219741207704337249
-0.69999999999999995559 -0.9886493647935093998
-0.69799999999999995381 -0.98507965988186796391
-0.69599999999999995204 -0.98148926913484768608
-0.69399999999999995026 -0.97787914946488063705
-0.69199999999999994849 -0.97425024240043556212
-0.68999999999999994671 -0.97060347363887367056
-0.68799999999999994493 -0.96693975265385390117
-0.68599999999999994316 -0.96325997235520555151
-0.68399999999999994138 -0.9595650087991012267
-0.6819999999999999396 -0.95585572094629100981
-0.67999999999999993783 -0.95213295046610491035
-0.67800000000000004707 -0.94839752158389434289
-0.6760000000000000453 -0.94465024096955629851
-0.67400000000000004352 -0.9408918976647765442
-0.67200000000000004174 -0.93712326304663118304
-0.67000000000000003997 -0.93334509082519734324
-0.66800000000000003819 -0.92955811707285240786
-0.66600000000000003642 -0.92576306028297494777
-0.66400000000000003464 -0.92196062145580370828
-0.66200000000000003286 -0.91815148420926395723
-0.66000000000000003109 -0.91433631491262956636
-0.65800000000000002931 -0.91051576284095314673
-0.65600000000000002753 -0.90669046034826883407
-0.65400000000000002576 -0.90286102305764526221
-0.65200000000000002398 -0.89902805006624741946
-0.6500000000000000222 -0.89519212416364746243
-0.64800000000000002043 -0.89135381206170771762
-0.64600000000000001865 -0.88751366463444814059
-0.64400000000000001688 -0.88367221716639654527
-0.6420000000000000151 -0.87982998960800817834
-0.64000000000000001332 -0.87598748683683158589
-0.63800000000000001155 -0.87214519892318476124
-0.63600000000000000977 -0.86830360139919315898
-0.63400000000000000799 -0.86446315553012986754
-0.63200000000000000622 -0.86062430858708138803
-0.63000000000000000444 -0.85678749412004695518
-0.62800000000000000266 -0.85295313223066082653
-0.62600000000000000089 -0.84912162984380623598
-0.62399999999999999911 -0.84529338097746564706
-0.62199999999999999734 -0.84146876701022610412
-0.61999999999999999556 -0.83764815694592931195
-0.61799999999999999378 -0.83383190767502235463
-0.61599999999999999201 -0.83002036423223102268
-0.61399999999999999023 -0.82621386005023644827
-0.61199999999999998845 -0.82241271720909414622
-0.60999999999999998668 -0.81861724668118673875
-0.6079999999999999849 -0.81482774857155282344
-0.60599999999999998312 -0.81104451235347896354
-0.60399999999999998135 -0.8072678170992840796
-0.60199999999999997957 -0.80349793170626560013
-0.5999999999999999778 -0.79973511511780881467
-0.59799999999999997602 -0.79597961653969429019
-0.59599999999999997424 -0.79223167565166330295
-0.59399999999999997247 -0.78849152281432832723
-0.59199999999999997069 -0.78475937927153216478
-0.58999999999999996891 -0.78103545734828050406
-0.58799999999999996714 -0.77731996064438413363
-0.58599999999999996536 -0.77361308422395913542
-0.58399999999999996358 -0.76991501480094293175
-0.58199999999999996181 -0.76622593092078761234
-0.57999999999999996003 -0.76254600313849729698
-0.57799999999999995826 -0.75887539419317728839
-0.57599999999999995648 -0.75521425917926054971
-0.5739999999999999547 -0.75156274571457648559
-0.57199999999999995293 -0.7479209941054210109
-0.56999999999999995115 -0.74428913750878267219
-0.56799999999999994937 -0.74066730209187181533
-0.5659999999999999476 -0.73705560718909290951
-0.56399999999999994582 -0.73345416545659025687
-0.56199999999999994404 -0.72986308302448965613
-0.55999999999999994227 -0.72628245964694782
-0.55799999999999994049 -0.72271238885011179764
-0.55599999999999993872 -0.71915295807808055084
-0.55399999999999993694 -0.7156042488369502852
-0.55200000000000004619 -0.71206633683701570092
-0.55000000000000004441 -0.70853929213318955771
-0.54800000000000004263 -0.70502317926369229006
-0.54600000000000004086 -0.7015180573870567482
-0.54400000000000003908 -0.69802398041748137114
-0.5420000000000000373 -0.69454099715855976971
-0.54000000000000003553 -0.69106915143540637025
-0.53800000000000003375 -0.6876084822251894435
-0.53600000000000003197 -0.68415902378607951206
-0.5340000000000000302 -0.6807208057846121374
-0.53200000000000002842 -0.67729385342146264382
-0.53000000000000002665 -0.67387818755562245432
-0.52800000000000002487 -0.67047382482696638029
-0.52600000000000002309 -0.66708077777719521073
-0.52400000000000002132 -0.66369905496913483844
-0.52200000000000001954 -0.66032866110437471452
-0.52000000000000001776 -0.65696959713922198354
-0.51800000000000001599 -0.65362186039895198153
-0.51600000000000001421 -0.65028544469033111586
-0.51400000000000001243 -0.64696034041239147694
-0.51200000000000001066 -0.64364653466543408911
-0.51000000000000000888 -0.64034401135824148277
-0.50800000000000000711 -0.63705275131347782747
-0.50600000000000000533 -0.63377273237126019456
-0.50400000000000000355 -0.63050392949088229777
-0.50200000000000000178 -0.62724631485067661174
-0.5 -0.62399985794600087985
-0.49799999999999999822 -0.62076452568533868615
-0.49599999999999999645 -0.61754028248450398841
-0.49399999999999999467 -0.6143270903589438392
-0.49199999999999999289 -0.61112490901413418776
-0.48999999999999999112 -0.60793369593406643148
-0.48799999999999998934 -0.60475340646782482779
-0.48599999999999998757 -0.60158399391425776415
-0.48399999999999998579 -0.59842540960474599476
-0.48199999999999998401 -0.59527760298407583761
-0.47999999999999998224 -0.59214052168942565846
-0.47799999999999998046 -0.58901411162747618899
-0.47599999999999997868 -0.58589831704965822379
-0.47399999999999997691 -0.58279308062555124081
-0.47199999999999997513 -0.57969834351445070908
-0.46999999999999997335 -0.57661404543512084775
-0.46799999999999997158 -0.57354012473375348691
-0.4659999999999999698 -0.57047651845015334704
-0.46399999999999996803 -0.56742316238217238578
-0.46199999999999996625 -0.56437999114841685966
-0.45999999999999996447 -0.56134693824925174788
-0.4579999999999999627 -0.55832393612612818412
-0.45599999999999996092 -0.55531091621926020885
-0.45400000000000001465 -0.55230780902367881957
-0.45200000000000001288 -0.54931454414369118577
-0.4500000000000000111 -0.54633105034577289505
-0.44800000000000000933 -0.5433572556099237616
-0.44600000000000000755 -0.54039308717951561878
-0.44400000000000000577 -0.53743847160966240484
-0.442000000000000004 -0.53449333481414285085
-0.44000000000000000222 -0.53155760211090574696
-0.43800000000000000044 -0.52863119826618854002
-0.43599999999999999867 -0.52571404753727934978
-0.43399999999999999689 -0.52280607371395304561
-0.43199999999999999512 -0.51990720015861180414
-0.42999999999999999334 -0.51701734984515990146
-0.42799999999999999156 -0.51413644539664360433
-0.42599999999999998979 -0.5112644091216846931
-0.42399999999999998801 -0.5084011630497385914
-0.42199999999999998623 -0.50554662896520485837
-0.41999999999999998446 -0.50270072844041979732
-0.41799999999999998268 -0.49986338286755965798
-0.4159999999999999809 -0.49703451348948196609
-0.41399999999999997913 -0.49421404142953273553
-0.41199999999999997735 -0.49140188772034754106
-0.40999999999999997558 -0.48859797333167198641
-0.4079999999999999738 -0.48580221919722871293
-0.40599999999999997202 -0.48301454624065642829
-0.40399999999999997025 -0.48023487540054599076
-0.40199999999999996847 -0.47746312765459864025
-0.39999999999999996669 -0.47469922404293046769
-0.39799999999999996492 -0.47194308569054654878
-0.39599999999999996314 -0.46919463382900844506
-0.39399999999999996136 -0.46645378981731727697
-0.3920000000000000151 -0.46372047516203457329
-0.39000000000000001332 -0.46099461153666265734
-0.38800000000000001155 -0.45827612080030527553
-0.38600000000000000977 -0.45556492501562934061
-0.38400000000000000799 -0.45286094646614760695
-0.38200000000000000622 -0.45016410767284187333
-0.38000000000000000444 -0.44747433141014547608
-0.37800000000000000266 -0.44479154072130394626
-0.37600000000000000089 -0.44211565893313137243
-0.37399999999999999911 -0.43944660967018039921
-0.37199999999999999734 -0.43678431686834245928
-0.36999999999999999556 -0.43412870478789511441
-0.36799999999999999378 -0.43147969802601260358
-0.36599999999999999201 -0.42883722152875480838
-0.36399999999999999023 -0.42620120060255045624
-0.36199999999999998845 -0.42357156092518888357
-0.35999999999999998668 -0.42094822855633473591
-0.3579999999999999849 -0.41833112994757976066
-0.35599999999999998312 -0.41572019195204495956
-0.35399999999999998135 -0.41311534183354636784
-0.35199999999999997957 -0.41051650727533739449
-0.3499999999999999778 -0.40792361638843938065
-0.34799999999999997602 -0.40533659771957347706
-0.34599999999999997424 -0.40275538025870444292
-0.34399999999999997247 -0.40017989344620830128
-0.34199999999999997069 -0.39761006717967473101
-0.33999999999999996891 -0.39504583182035474254
-0.33799999999999996714 -0.39248711819926374034
-0.33599999999999996536 -0.38993385762295068586
-0.33399999999999996358 -0.38738598187894224267
-0.33199999999999996181 -0.38484342324087217335
-0.32999999999999996003 -0.38230611447330442587
-0.32799999999999995826 -0.37977398883625912429
-0.32600000000000001199 -0.37724698008945040106
-0.32400000000000001021 -0.37472502249624367598
-0.32200000000000000844 -0.37220805082734131908
-0.32000000000000000666 -0.36969600036420402489
-0.31800000000000000488 -0.36718880690221572527
-0.31600000000000000311 -0.36468640675359964565
-0.31400000000000000133 -0.36218873675009249924
-0.31199999999999999956 -0.35969573424538370254
-0.30999999999999999778 -0.3572073371173269396
-0.307999999999999996 -0.35472348376992995922
-0.30599999999999999423 -0.35224411313512965505
-0.30399999999999999245 -0.34976916467435825719
-0.30199999999999999067 -0.34729857837990685265
-0.2999999999999999889 -0.34483229477609211866
-0.29799999999999998712 -0.34237025492023182016
-0.29599999999999998535 -0.33991240040343512208
-0.29399999999999998357 -0.33745867335121215724
-0.29199999999999998179 -0.33500901642390895629
-0.28999999999999998002 -0.33256337281697229136
-0.28799999999999997824 -0.33012168626104959612
-0.28599999999999997646 -0.32768390102192901381
-0.28399999999999997469 -0.325249961900324569
-0.28199999999999997291 -0.3228198142315105712
-0.27999999999999997113 -0.32039340388480969102
-0.27799999999999996936 -0.31797067726293853918
-0.27599999999999996758 -0.31555158130121441218
-0.27399999999999996581 -0.3131360634666268683
-0.27199999999999996403 -0.31072407175677901892
-0.26999999999999996225 -0.30831555469870386421
-0.26799999999999996048 -0.30591046134756150199
-0.2659999999999999587 -0.30350874128522137285
-0.26400000000000001243 -0.30111034461873276147
-0.26200000000000001066 -0.29871522197868360937
-0.26000000000000000888 -0.2963233245174454189
-0.25800000000000000711 -0.29393460390730324905
-0.25600000000000000533 -0.29154901233847063668
-0.25400000000000000355 -0.2891665025169964931
-0.25200000000000000178 -0.28678702766257335721
-0.24999999999999997224 -0.28441054150626227104
-0.24799999999999999822 -0.28203699828814854378
-0.24599999999999999645 -0.2796663527549392847
-0.24399999999999999467 -0.27729856015750470322
-0.24199999999999999289 -0.27493357624834796615
-0.23999999999999999112 -0.27257135727897796595
-0.23799999999999998934 -0.27021185999716412773
-0.23599999999999998757 -0.26785504164409268402
-0.23399999999999998579 -0.26550085995148936524
-0.23199999999999998401 -0.26314927313876118609
-0.22999999999999998224 -0.26080023991008199902
-0.22799999999999998046 -0.25845371945117345813
-0.22599999999999997868 -0.25610967142556723131
-0.22399999999999997691 -0.25376805597061680153
-0.22199999999999997513 -0.25142883369427454499
-0.21999999999999997335 -0.24909196567379737752
-0.21799999999999997158 -0.24675741345606860833
-0.2159999999999999698 -0.2444251390562906523
-0.21399999999999999578 -0.24209510494987698803
-0.211999999999999994 -0.23976727405526171433
-0.20999999999999999223 -0.23744160971457586862
-0.20799999999999999045 -0.23511807569004083973
-0.20599999999999998868 -0.2327966361960667474
-0.2039999999999999869 -0.23047725597161111688
-0.20199999999999998512 -0.22815990036752561987
-0.19999999999999998335 -0.22584453539813567624
-0.19799999999999998157 -0.22353112770887723082
-0.19599999999999997979 -0.22121964445100467112
-0.19399999999999997802 -0.21891005311042341375
-0.19199999999999997624 -0.21660232137182289236
-0.18999999999999997446 -0.21429641708282962109
-0.18799999999999997269 -0.21199230832327875529
-0.18599999999999997091 -0.20968996352340385503
-0.18399999999999999689 -0.20738935155539423016
-0.18199999999999999512 -0.20509044175560436907
-0.17999999999999999334 -0.20279320388932012276
-0.17799999999999999156 -0.20049760810306083147
-0.17599999999999998979 -0.19820362490141965606
-0.17399999999999998801 -0.19591122515304768004
-0.17199999999999998623 -0.19362038010574786351
-0.16999999999999998446 -0.19133106139102043497
-0.16799999999999998268 -0.1890432410150677256
-0.1659999999999999809 -0.18675689134621764609
-0.16399999999999997913 -0.1844719851078341355
-0.16199999999999997735 -0.1821884953769682125
-0.15999999999999997558 -0.17990639558347693017
-0.1579999999999999738 -0.17762565950610792465
-0.15599999999999997202 -0.17534626126652180789
-0.15399999999999997025 -0.1730681753238669518
-0.15199999999999996847 -0.17079137647080563922
-0.14999999999999999445 -0.16851583982997062061
-0.14799999999999999267 -0.16624154084981468404
-0.1459999999999999909 -0.16396845529992370993
-0.14399999999999998912 -0.16169655926641252064
-0.14199999999999998734 -0.15942582914764319435
-0.13999999999999998557 -0.15715624165002528567
-0.13799999999999998379 -0.15488777378366641591
-0.13599999999999998201 -0.15262040285791544925
-0.13399999999999998024 -0.1503541064769420843
-0.13199999999999997846 -0.14808886253538200428
-0.12999999999999997669 -0.14582464921397986224
-0.12799999999999997491 -0.14356144497519326975
-0.12599999999999997313 -0.14129922855878318533
-0.12399999999999998523 -0.13903797897741915213
-0.12199999999999998346 -0.13677767551229341736
-0.11999999999999998168 -0.13451829770872880676
-0.1179999999999999799 -0.1322598253717794381
-0.11599999999999997813 -0.13000223856183346083
-0.11399999999999997635 -0.12774551759022004238
-0.11199999999999998845 -0.12548964301481721484
-0.10999999999999998668 -0.12323459563565931918
-0.1079999999999999849 -0.12098035649054575402
-0.10599999999999998312 -0.11872690685065261096
-0.10399999999999998135 -0.11647422821614700217
-0.10199999999999997957 -0.11422230231180351134
-0.099999999999999977796 -0.11197111108262330914
-0.097999999999999976019 -0.10972063668945661319
-0.095999999999999974243 -0.10747086150462871468
-0.093999999999999986344 -0.10522176810756940502
-0.091999999999999984568 -0.10297333928044609397
-0.089999999999999982792 -0.10072555800380110502
-0.087999999999999981015 -0.098478407452193134075
-0.085999999999999979239 -0.096231870989842968611
-0.083999999999999977462 -0.093985932166283661648
-0.081999999999999975686 -0.091740574712015465764
-0.079999999999999987788 -0.089495782534165416178
-0.077999999999999986011 -0.087251539712151743311
-0.075999999999999984235 -0.08500783049335329522
-0.073999999999999982458 -0.082764639288783969917
-0.071999999999999980682 -0.080521950668772254711
-0.069999999999999978906 -0.078279749358645900337
-0.067999999999999977129 -0.076038020234421840882
-0.065999999999999975353 -0.073796748318501415032
-0.063999999999999973577 -0.071555918775370680462
-0.061999999999999978739 -0.069315516907306196082
-0.059999999999999983902 -0.067075528150085994561
-0.057999999999999982125 -0.06483593806870595333
-0.055999999999999980349 -0.062596732353101272595
-0.053999999999999978573 -0.06035789681387338651
-0.051999999999999976796 -0.058119417378021946685
-0.049999999999999981959 -0.05588128008468198904
-0.047999999999999980183 -0.053643471080866346468
-0.045999999999999978406 -0.05140597661721299505
-0.043999999999999983569 -0.049168783043737541993
-0.041999999999999981792 -0.0469318768055905014
-0.039999999999999980016 -0.044695244438819413391
-0.03799999999999997824 -0.042458872566135855142
-0.035999999999999976463 -0.04022274789268697609
-0.033999999999999981626 -0.037986857201831716879
-0.031999999999999979849 -0.035751187350921226349
-0.029999999999999978073 -0.033515725267084087169
-0.027999999999999979766 -0.031280457943014872146
-0.025999999999999981459 -0.029045372432768251647
-0.023999999999999979683 -0.026810455847554381242
-0.021999999999999977907 -0.024575695351542969913
-0.0199999999999999796 -0.022341078157661869996
-0.017999999999999981293 -0.020106591523415699718
-0.015999999999999979516 -0.017872222746677254857
-0.013999999999999979475 -0.015637959161535167074
-0.011999999999999979433 -0.013403788134042761079
-0.0099999999999999793915 -0.011169697058183911814
-0.0079999999999999793499 -0.0089356733517892226321
-0.0059999999999999793082 -0.0067017044541308407393
-0.0039999999999999792666 -0.0044677778207317612319
-0.001999999999999979225 -0.002233880905138042796
2.0816681711721685133e-17 0
0.0020000000000000208583 0.002233880905138042796
0.0040000000000000208999 0.0044677778207317612319
0.0060000000000000209416 0.0067017044541308407393
0.0080000000000000209832 0.0089356733517892226321
0.010000000000000021025 0.011169697058183911814
0.012000000000000021066 0.013403788134042761079
0.014000000000000021108 0.015637959161535167074
0.01600000000000002115 0.017872222746677254857
0.018000000000000022926 0.020106591523415699718
0.020000000000000021233 0.022341078157661869996
0.02200000000000001954 0.024575695351542969913
0.024000000000000021316 0.026810455847554381242
0.026000000000000023093 0.029045372432768251647
0.0280000000000000214 0.031280457943014872146
0.030000000000000019706 0.033515725267084087169
0.032000000000000021483 0.035751187350921226349
0.034000000000000023259 0.037986857201831716879
0.036000000000000018097 0.04022274789268697609
0.038000000000000019873 0.042458872566135855142
0.040000000000000021649 0.044695244438819413391
0.042000000000000023426 0.0469318768055905014
0.044000000000000025202 0.049168783043737541993
0.04600000000000002004 0.05140597661721299505
0.048000000000000021816 0.053643471080866346468
0.050000000000000023592 0.05588128008468198904
0.05200000000000001843 0.058119417378021946685
0.054000000000000020206 0.06035789681387338651
0.056000000000000021982 0.062596732353101272595
0.058000000000000023759 0.06483593806870595333
0.060000000000000025535 0.067075528150085994561
0.062000000000000020373 0.069315516907306196082
0.064000000000000029088 0.071555918775370680462
0.066000000000000016986 0.073796748318501415032
0.068000000000000018763 0.076038020234421840882
0.070000000000000020539 0.078279749358645900337
0.072000000000000022315 0.080521950668772254711
0.074000000000000024092 0.082764639288783969917
0.076000000000000025868 0.08500783049335329522
0.078000000000000027645 0.087251539712151743311
0.080000000000000015543 0.089495782534165416178
0.082000000000000017319 0.091740574712015465764
0.084000000000000019096 0.093985932166283661648
0.086000000000000020872 0.096231870989842968611
0.088000000000000022649 0.098478407452193134075
0.090000000000000024425 0.10072555800380110502
0.092000000000000026201 0.10297333928044609397
0.094000000000000027978 0.10522176810756940502
0.096000000000000029754 0.10747086150462871468
0.098000000000000017653 0.10972063668945661319
0.10000000000000001943 0.11197111108262330914
0.10200000000000002121 0.11422230231180351134
0.10400000000000002298 0.11647422821614700217
0.10600000000000002476 0.11872690685065261096
0.10800000000000002653 0.12098035649054575402
0.11000000000000002831 0.12323459563565931918
0.11200000000000001621 0.12548964301481721484
0.11400000000000001799 0.12774551759022004238
0.11600000000000001976 0.13000223856183346083
0.11800000000000002154 0.1322598253717794381
0.12000000000000002331 0.13451829770872880676
0.12200000000000002509 0.13677767551229341736
0.12400000000000002687 0.13903797897741915213
0.12600000000000002864 0.14129922855878318533
0.12800000000000003042 0.14356144497519326975
0.1300000000000000322 0.14582464921397986224
0.13200000000000003397 0.14808886253538200428
0.13400000000000003575 0.1503541064769420843
0.13600000000000000977 0.15262040285791544925
0.13800000000000001155 0.15488777378366641591
0.14000000000000001332 0.15715624165002528567
0.1420000000000000151 0.15942582914764319435
0.14400000000000001688 0.16169655926641252064
0.14600000000000001865 0.16396845529992370993
0.14800000000000002043 0.16624154084981468404
0.1500000000000000222 0.16851583982997062061
0.15200000000000002398 0.17079137647080563922
0.15400000000000002576 0.1730681753238669518
0.15600000000000002753 0.17534626126652180789
0.15800000000000002931 0.17762565950610792465
0.16000000000000003109 0.17990639558347693017
0.16200000000000003286 0.1821884953769682125
0.16400000000000003464 0.1844719851078341355
0.16600000000000003642 0.18675689134621764609
0.16800000000000003819 0.1890432410150677256
0.17000000000000001221 0.19133106139102043497
0.17200000000000001399 0.19362038010574786351
0.17400000000000001577 0.19591122515304768004
0.17600000000000001754 0.19820362490141965606
0.17800000000000001932 0.20049760810306083147
0.18000000000000002109 0.20279320388932012276
0.18200000000000002287 0.20509044175560436907
0.18400000000000002465 0.20738935155539423016
0.18600000000000002642 0.20968996352340385503
0.1880000000000000282 0.21199230832327875529
0.19000000000000002998 0.21429641708282962109
0.19200000000000003175 0.21660232137182289236
0.19400000000000003353 0.21891005311042341375
0.19600000000000003531 0.22121964445100467112
0.19800000000000003708 0.22353112770887723082
0.2000000000000000111 0.22584453539813567624
0.20200000000000001288 0.22815990036752561987
0.20400000000000001465 0.23047725597161111688
0.20600000000000001643 0.2327966361960667474
0.20800000000000001821 0.23511807569004083973
0.21000000000000001998 0.23744160971457586862
0.21200000000000002176 0.23976727405526171433
0.21400000000000002354 0.24209510494987698803
0.21600000000000002531 0.2444251390562906523
0.21800000000000002709 0.24675741345606860833
0.22000000000000002887 0.24909196567379737752
0.22200000000000003064 0.25142883369427454499
0.22400000000000003242 0.25376805597061680153
0.22600000000000003419 0.25610967142556723131
0.22800000000000003597 0.25845371945117345813
0.23000000000000003775 0.26080023991008199902
0.23200000000000003952 0.26314927313876118609
0.23400000000000001354 0.26550085995148936524
0.23600000000000001532 0.26785504164409268402
0.2380000000000000171 0.27021185999716412773
0.24000000000000001887 0.27257135727897796595
0.24200000000000002065 0.27493357624834796615
0.24400000000000002243 0.27729856015750470322
0.2460000000000000242 0.2796663527549392847
0.24800000000000002598 0.28203699828814854378
0.25 0.28441054150626227104
0.25200000000000000178 0.28678702766257335721
0.25400000000000000355 0.2891665025169964931
0.25600000000000000533 0.29154901233847063668
0.25800000000000000711 0.29393460390730324905
0.26000000000000000888 0.2963233245174454189
0.26200000000000001066 0.29871522197868360937
0.26400000000000001243 0.30111034461873276147
0.26600000000000001421 0.30350874128522137285
0.26800000000000001599 0.30591046134756150199
0.27000000000000001776 0.30831555469870386421
0.27200000000000001954 0.31072407175677901892
0.27400000000000002132 0.3131360634666268683
0.27600000000000002309 0.31555158130121441218
0.27800000000000002487 0.31797067726293853918
0.28000000000000002665 0.32039340388480969102
0.28200000000000002842 0.3228198142315105712
0.2840000000000000302 0.325249961900324569
0.28600000000000003197 0.32768390102192901381
0.28800000000000003375 0.33012168626104959612
0.29000000000000003553 0.33256337281697229136
0.2920000000000000373 0.33500901642390895629
0.29400000000000003908 0.33745867335121215724
0.29600000000000004086 0.33991240040343512208
0.29800000000000004263 0.34237025492023182016
0.30000000000000004441 0.34483229477609211866
0.30200000000000004619 0.34729857837990685265
0.30400000000000004796 0.34976916467435825719
0.30600000000000004974 0.35224411313512965505
0.30800000000000005151 0.35472348376992995922
0.31000000000000005329 0.3572073371173269396
0.31200000000000005507 0.35969573424538370254
0.31400000000000000133 0.36218873675009249924
0.31600000000000000311 0.36468640675359964565
0.31800000000000000488 0.36718880690221572527
0.32000000000000000666 0.36969600036420402489
0.32200000000000000844 0.37220805082734131908
0.32400000000000001021 0.37472502249624367598
0.32600000000000001199 0.37724698008945040106
0.32800000000000001377 0.37977398883625912429
0.33000000000000001554 0.38230611447330442587
0.33200000000000001732 0.38484342324087217335
0.3340000000000000191 0.38738598187894224267
0.33600000000000002087 0.38993385762295068586
0.33800000000000002265 0.39248711819926374034
0.34000000000000002442 0.39504583182035474254
0.3420000000000000262 0.39761006717967473101
0.34400000000000002798 0.40017989344620830128
0.34600000000000002975 0.40275538025870444292
0.34800000000000003153 0.40533659771957347706
0.35000000000000003331 0.40792361638843938065
0.35200000000000003508 0.41051650727533739449
0.35400000000000003686 0.41311534183354636784
0.35600000000000003864 0.41572019195204495956
0.35800000000000004041 0.41833112994757976066
0.36000000000000004219 0.42094822855633473591
0.36200000000000004396 0.42357156092518888357
0.36400000000000004574 0.42620120060255045624
0.36600000000000004752 0.42883722152875480838
0.36800000000000004929 0.43147969802601260358
0.37000000000000005107 0.43412870478789511441
0.37200000000000005285 0.43678431686834245928
0.37400000000000005462 0.43944660967018039921
0.37600000000000000089 0.44211565893313137243
0.37800000000000000266 0.44479154072130394626
0.38000000000000000444 0.44747433141014547608
0.38200000000000000622 0.45016410767284187333
0.38400000000000000799 0.45286094646614760695
0.38600000000000000977 0.45556492501562934061
0.38800000000000001155 0.45827612080030527553
0.39000000000000001332 0.46099461153666265734
0.3920000000000000151 0.46372047516203457329
0.39400000000000001688 0.46645378981731727697
0.39600000000000001865 0.46919463382900844506
0.39800000000000002043 0.47194308569054654878
0.4000000000000000222 0.47469922404293046769
0.40200000000000002398 0.47746312765459864025
0.40400000000000002576 0.48023487540054599076
0.40600000000000002753 0.48301454624065642829
0.40800000000000002931 0.48580221919722871293
0.41000000000000003109 0.48859797333167198641
0.41200000000000003286 0.49140188772034754106
0.41400000000000003464 0.49421404142953273553
0.41600000000000003642 0.49703451348948196609
0.41800000000000003819 0.49986338286755965798
0.42000000000000003997 0.50270072844041979732
0.42200000000000004174 0.50554662896520485837
0.42400000000000004352 0.5084011630497385914
0.4260000000000000453 0.5112644091216846931
0.42800000000000004707 0.51413644539664360433
0.43000000000000004885 0.51701734984515990146
0.43200000000000005063 0.51990720015861180414
0.4340000000000000524 0.52280607371395304561
0.43600000000000005418 0.52571404753727934978
0.43800000000000005596 0.52863119826618854002
0.44000000000000005773 0.53155760211090574696
0.442000000000000004 0.53449333481414285085
0.44400000000000000577 0.53743847160966240484
0.44600000000000000755 0.54039308717951561878
0.44800000000000000933 0.5433572556099237616
0.4500000000000000111 0.54633105034577289505
0.45200000000000001288 0.54931454414369118577
0.45400000000000001465 0.55230780902367881957
0.45600000000000001643 0.55531091621926020885
0.45800000000000001821 0.55832393612612818412
0.46000000000000001998 0.56134693824925174788
0.46200000000000002176 0.56437999114841685966
0.46400000000000002354 0.56742316238217238578
0.46600000000000002531 0.57047651845015334704
0.46800000000000002709 0.57354012473375348691
0.47000000000000002887 0.57661404543512084775
0.47200000000000003064 0.57969834351445070908
0.47400000000000003242 0.58279308062555124081
0.47600000000000003419 0.58589831704965822379
0.47800000000000003597 0.58901411162747618899
0.48000000000000003775 0.59214052168942565846
0.48200000000000003952 0.59527760298407583761
0.4840000000000000413 0.59842540960474599476
0.48600000000000004308 0.60158399391425776415
0.48800000000000004485 0.60475340646782482779
0.49000000000000004663 0.60793369593406643148
0.49200000000000004841 0.61112490901413418776
0.49400000000000005018 0.6143270903589438392
0.49600000000000005196 0.61754028248450398841
0.49800000000000005373 0.62076452568533868615
0.5 0.62399985794600087985
0.50200000000000000178 0.62724631485067661174
0.50400000000000000355 0.63050392949088229777
0.50600000000000000533 0.63377273237126019456
0.50800000000000000711 0.63705275131347782747
0.51000000000000000888 0.64034401135824148277
0.51200000000000001066 0.64364653466543408911
0.51400000000000001243 0.64696034041239147694
0.51600000000000001421 0.65028544469033111586
0.51800000000000001599 0.65362186039895198153
0.52000000000000001776 0.65696959713922198354
0.52200000000000001954 0.66032866110437471452
0.52400000000000002132 0.66369905496913483844
0.52600000000000002309 0.66708077777719521073
0.52800000000000002487 0.67047382482696638029
0.53000000000000002665 0.67387818755562245432
0.53200000000000002842 0.67729385342146264382
0.5340000000000000302 0.6807208057846121374
0.53600000000000003197 0.68415902378607951206
0.53800000000000003375 0.6876084822251894435
0.54000000000000003553 0.69106915143540637025
0.5420000000000000373 0.69454099715855976971
0.54400000000000003908 0.69802398041748137114
0.54600000000000004086 0.7015180573870567482
0.54800000000000004263 0.70502317926369229006
0.55000000000000004441 0.70853929213318955771
0.55200000000000004619 0.71206633683701570092
0.55400000000000004796 0.7156042488369502852
0.55600000000000004974 0.71915295807808055084
0.55800000000000005151 0.72271238885011179764
0.56000000000000005329 0.72628245964694782
0.56200000000000005507 0.72986308302448965613
0.56400000000000005684 0.73345416545659025687
0.56600000000000005862 0.73705560718909290951
0.5680000000000000604 0.74066730209187181533
0.57000000000000006217 0.74428913750878267219
0.57200000000000006395 0.7479209941054210109
0.57400000000000006573 0.75156274571457648559
0.5760000000000000675 0.75521425917926054971
0.57800000000000006928 0.75887539419317728839
0.58000000000000007105 0.76254600313849729698
0.58200000000000007283 0.76622593092078761234
0.58400000000000007461 0.76991501480094293175
0.58600000000000007638 0.77361308422395913542
0.58800000000000007816 0.77731996064438413363
0.59000000000000007994 0.78103545734828050406
0.59200000000000008171 0.78475937927153216478
0.59400000000000008349 0.78849152281432832723
0.59600000000000008527 0.79223167565166330295
0.59800000000000008704 0.79597961653969429019
0.60000000000000008882 0.79973511511780881467
0.60199999999999997957 0.80349793170626560013
0.60399999999999998135 0.8072678170992840796
0.60599999999999998312 0.81104451235347896354
0.6079999999999999849 0.81482774857155282344
0.60999999999999998668 0.81861724668118673875
0.61199999999999998845 0.82241271720909414622
0.61399999999999999023 0.82621386005023644827
0.61599999999999999201 0.83002036423223102268
0.61799999999999999378 0.83383190767502235463
0.61999999999999999556 0.83764815694592931195
0.62199999999999999734 0.84146876701022610412
0.62399999999999999911 0.84529338097746564706
0.62600000000000000089 0.84912162984380623598
0.62800000000000000266 0.85295313223066082653
0.63000000000000000444 0.85678749412004695518
0.63200000000000000622 0.86062430858708138803
0.63400000000000000799 0.86446315553012986754
0.63600000000000000977 0.86830360139919315898
0.63800000000000001155 0.87214519892318476124
0.64000000000000001332 0.87598748683683158589
0.6420000000000000151 0.87982998960800817834
0.64400000000000001688 0.88367221716639654527
0.64600000000000001865 0.88751366463444814059
0.64800000000000002043 0.89135381206170771762
0.6500000000000000222 0.89519212416364746243
0.65200000000000002398 0.89902805006624741946
0.65400000000000002576 0.90286102305764526221
0.65600000000000002753 0.90669046034826883407
0.65800000000000002931 0.91051576284095314673
0.66000000000000003109 0.91433631491262956636
0.66200000000000003286 0.91815148420926395723
0.66400000000000003464 0.92196062145580370828
0.66600000000000003642 0.92576306028297494777
0.66800000000000003819 0.92955811707285240786
0.67000000000000003997 0.93334509082519734324
0.67200000000000004174 0.93712326304663118304
0.67400000000000004352 0.9408918976647765442
0.6760000000000000453 0.94465024096955629851
0.67800000000000004707 0.94839752158389434289
0.68000000000000004885 0.95213295046610491035
0.68200000000000005063 0.95585572094629100981
0.6840000000000000524 0.9595650087991012267
0.68600000000000005418 0.96325997235520555151
0.68800000000000005596 0.96693975265385390117
0.69000000000000005773 0.97060347363887367056
0.69200000000000005951 0.97425024240043556212
0.69400000000000006128 0.97787914946488063705
0.69600000000000006306 0.98148926913484768608
0.69800000000000006484 0.98507965988186796391
0.70000000000000006661 0.9886493647935093998
0.70200000000000006839 0.99219741207704337249
0.70400000000000007017 0.99572281562148579059
0.70600000000000007194 0.99922457561971833595
0.70800000000000007372 1.0027016792522327471
0.7100000000000000755 1.0061531014338571666
0.71200000000000007727 1.0095778056246198506
0.71400000000000007905 1.0129747447056798304
0.71600000000000008082 1.0163428619210099768
0.7180000000000000826 1.0196810918852534655
0.72000000000000008438 1.0229883616578894223
0.72200000000000008615 1.0262635918835407711
0.72400000000000008793 1.029505697997936009
0.72600000000000008971 1.0327135914987011223
0.72799999999999998046 1.0358861812798034752
0.72999999999999998224 1.039022375028103129
0.73199999999999998401 1.0421210806800924598
0.73399999999999998579 1.0451812079365137009
0.73599999999999998757 1.0482016698321550141
0.73799999999999998934 1.0511813843577251237
0.73999999999999999112 1.0541192761303046499
0.74199999999999999289 1.0570142781084732597
0.74399999999999999467 1.0598653333478151861
0.74599999999999999645 1.0626713967921299631
0.74799999999999999822 1.0654314370953137381
0.75 1.0681444384685141458
0.75200000000000000178 1.0708094025467664867
0.75400000000000000355 1.0734253502689379278
0.75600000000000000533 1.0759913237645488682
0.75800000000000000711 1.0785063882410190761
0.76000000000000000888 1.0809696338649341651
0.76200000000000001066 1.0833801776305409525
0.76400000000000001243 1.0857371652074392365
0.76600000000000001421 1.0880397727580353173
0.76800000000000001599 1.0902872087159301007
0.77000000000000001776 1.0924787155208359746
0.77200000000000001954 1.0946135713114102384
0.77400000000000002132 1.0966910915762664303
0.77600000000000002309 1.0987106307473855082
0.77800000000000002487 1.1006715836953442356
0.78000000000000002665 1.1025733870804583781
0.78200000000000002842 1.1044155205616001947
0.7840000000000000302 1.1061975079600951943
0.78600000000000003197 1.1079189185409508145
0.78800000000000003375 1.109579368485769546
0.79000000000000003553 1.1111785223407342205
0.7920000000000000373 1.1127160938732054696
0.79400000000000003908 1.1141918456869701615
0.79600000000000004086 1.1156055874071608702
0.79800000000000004263 1.1169571731642276013
0.80000000000000004441 1.1182464999192909261
0.80200000000000004619 1.119473508158520092
0.80400000000000004796 1.1206381853627527256
0.80600000000000004974 1.1217405709880063913
0.80800000000000005151 1.1227807606032129684
0.81000000000000005329 1.1237589071856866063
0.81200000000000005507 1.124675219213553401
0.81400000000000005684 1.125529956976790924
0.81600000000000005862 1.1263234292133843528
0.8180000000000000604 1.1270559914113029709
0.82000000000000006217 1.1277280456587948088
0.82200000000000006395 1.1283400409269992437
0.82400000000000006573 1.128892472709940531
0.8260000000000000675 1.1293858816912072385
0.82800000000000006928 1.1298208517880226065
0.83000000000000007105 1.1301980080807436657
0.83200000000000007283 1.1305180148881863733
0.83400000000000007461 1.1307815739833622093
0.83600000000000007638 1.1309894228725532184
0.83800000000000007816 1.1311423331080361354
0.84000000000000007994 1.1312411086216267453
0.84200000000000008171 1.1312865840303341081
0.84400000000000008349 1.1312796228562151946
0.84600000000000008527 1.1312211156556892799
0.84800000000000008704 1.1311119781121119487
0.85000000000000008882 1.1309531491457598396
0.85200000000000009059 1.1307455890489110928
0.85400000000000009237 1.1304902776209337922
0.85600000000000009415 1.1301882122892366045
0.8579999999999999849 1.1298404062304294726
0.85999999999999998668 1.1294478865152419722
0.86199999999999998845 1.1290116922875501615
0.86399999999999999023 1.1285328729749573018
0.86599999999999999201 1.128012486529575531
0.86799999999999999378 1.1274515977054306859
0.86999999999999999556 1.1268512763812557065
0.87199999999999999734 1.126212595933497207
0.87399999999999999911 1.1255366316609958233
0.87600000000000000089 1.1248244592632463679
0.87800000000000000266 1.1240771533756819256
0.88000000000000000444 1.1232957861651964304
0.88200000000000000622 1.122481425987702286
0.88400000000000000799 1.1216351361086993599
0.88600000000000000977 1.1207579734878350131
0.88800000000000001155 1.119850987628349781
0.89000000000000001332 1.1189152194917462158
0.8920000000000000151 1.11795170047739445
0.89400000000000001688 1.1169614514663925853
0.89600000000000001865 1.1159454819286860339
0.89800000000000002043 1.1149047890920176229
0.9000000000000000222 1.1138403571707777839
0.90200000000000002398 1.1127531566523509721
0.90400000000000002576 1.1116441436381148122
0.90600000000000002753 1.1105142592357755138
0.90800000000000002931 1.1093644289992252716
0.91000000000000003109 1.1081955624116179848
0.91200000000000003286 1.107008552406891333
0.91400000000000003464 1.1058042749245216019
0.91600000000000003642 1.1045835884918966396
0.91800000000000003819 1.1033473338283670273
0.92000000000000003997 1.1020963334648123944
0.92200000000000004174 1.1008313913724832034
0.92400000000000004352 1.0995532925949782488
0.9260000000000000453 1.0982628028775411888
0.92800000000000004707 1.0969606682884602833
0.93000000000000004885 1.09564761482826456
0.93200000000000005063 1.0943243480236746201
0.9340000000000000524 1.0929915525049092029
0.93600000000000005418 1.0916498915669972103
0.93800000000000005596 1.0903000067181833899
0.94000000000000005773 1.0889425172213287318
0.94200000000000005951 1.0875780196373443509
0.94400000000000006128 1.0862070873830618201
0.94600000000000006306 1.0848302703194456775
0.94800000000000006484 1.0834480943895150595
0.95000000000000006661 1.0820610613286236745
0.95200000000000006839 1.0806696484726072693
0.95400000000000007017 1.0792743086915534967
0.95600000000000007194 1.0778754704783624074
0.95800000000000007372 1.0764735382215202542
0.9600000000000000755 1.0750688926907447929
0.96200000000000007727 1.0736618917613554025
0.96400000000000007905 1.072252871400132257
0.96600000000000008082 1.0708421469277438209
0.9680000000000000826 1.0694300145706181482
0.97000000000000008438 1.0680167532990716417
0.97200000000000008615 1.0666026269520709757
0.97400000000000008793 1.0651878865932038476
0.97600000000000008971 1.0637727731200024017
0.97800000000000009148 1.0623575200885551073
0.98000000000000009326 1.0609423569156364309
0.98200000000000009504 1.059527511598516103
0.98399999999999998579 1.0581132127844432578
0.98599999999999998757 1.0566996915865722872
0.98799999999999998934 1.0552871916183066414
0.98999999999999999112 1.0538759876936940607
0.99199999999999999289 1.0524664124711700097
0.99399999999999999467 1.0510588608625162088
0.99599999999999999645 1.0496538282240961415
0.99799999999999999822 1.0482521149834569396
1 1.0468557046136734989
