0.025008
-1 -0.17412807927672691033
-0.99799999999999999822 -0.17497451316911005748
-0.99599999999999999645 -0.17545379699068602841
-0.99399999999999999467 -0.17580436261430937295
-0.99199999999999999289 -0.17608353954916799999
-0.98999999999999999112 -0.17631026608184002802
-0.98799999999999998934 -0.17649071507128202829
-0.98599999999999998757 -0.17663427699513592484
-0.98399999999999998579 -0.17674602247260268184
-0.98199999999999998401 -0.17682868104558768785
-0.97999999999999998224 -0.17688264823447652496
-0.97799999999999998046 -0.1769081449951771523
-0.97599999999999997868 -0.17690511286664675761
-0.97399999999999997691 -0.17687325543371149039
-0.97199999999999997513 -0.17681183428304403371
-0.96999999999999997335 -0.17671975246713181318
-0.96799999999999997158 -0.17659556541950277575
-0.9659999999999999698 -0.17643752386191624559
-0.96399999999999996803 -0.1762435942352018059
-0.96199999999999996625 -0.1760114960705866094
-0.95999999999999996447 -0.17573873627674874154
-0.9579999999999999627 -0.17542264641709542916
-0.95599999999999996092 -0.17506041779344178044
-0.95399999999999995914 -0.17464913550430474776
-0.95199999999999995737 -0.17418580975916600484
-0.94999999999999995559 -0.17366740424492141392
-0.94799999999999995381 -0.17309086097791626102
-0.94599999999999995204 -0.17245312150472538737
-0.94399999999999995026 -0.17175114439930755372
-0.94199999999999994849 -0.17098191917130564632
-0.93999999999999994671 -0.17014247682481498103
-0.93799999999999994493 -0.16922989738885646505
-0.93599999999999994316 -0.16824131481461640503
-0.9340000000000000524 -0.16717391966337680209
-0.93200000000000005063 -0.16602496002799654873
-0.93000000000000004885 -0.16479174111950570247
-0.92800000000000004707 -0.163471623929411225
-0.9260000000000000453 -0.16206202334082903116
-0.92400000000000004352 -0.16056040601843918347
-0.92200000000000004174 -0.15896428835779491395
-0.92000000000000003997 -0.15727123472449416886
-0.91800000000000003819 -0.15547885616417717047
-0.91600000000000003642 -0.15358480971820717698
-0.91400000000000003464 -0.15158679843801226017
-0.91200000000000003286 -0.14948257215443944146
-0.91000000000000003109 -0.147269929027239177
-0.90800000000000002931 -0.1449467178746088325
-0.90600000000000002753 -0.14251084126297441923
-0.90400000000000002576 -0.13996025932185113261
-0.90200000000000002398 -0.13729299423717539197
-0.9000000000000000222 -0.1345071353695430072
-0.89800000000000002043 -0.13160084494043861048
-0.89600000000000001865 -0.12857236422665768716
-0.89400000000000001688 -0.12542002019999093365
-0.8920000000000000151 -0.1221422325504857298
-0.89000000000000001332 -0.11873752103746473829
-0.88800000000000001155 -0.11520451311341872724
-0.88600000000000000977 -0.11154195175788991778
-0.88400000000000000799 -0.10774870345819526074
-0.88200000000000000622 -0.10382376629254047584
-0.88000000000000000444 -0.099766278081003967326
-0.87800000000000000266 -0.095575524540374878768
-0.87600000000000000089 -0.09125094735072258878
-0.87399999999999999911 -0.086792152086655860455
-0.87199999999999999734 -0.082198916038711211662
-0.86999999999999999556 -0.077471195900904288312
-0.86799999999999999378 -0.07260913514285233239
-0.86599999999999999201 -0.067613070893385307514
-0.86399999999999999023 -0.062483540452079933125
-0.86199999999999998845 -0.057221287696117340005
-0.85999999999999998668 -0.05182726922685587656
-0.8579999999999999849 -0.046302659570010507029
-0.85599999999999998312 -0.040648855131786842954
-0.85399999999999998135 -0.034867477792494105948
-0.85199999999999997957 -0.028960379201846742081
-0.8499999999999999778 -0.022929645010320576226
-0.84799999999999997602 -0.016777596577683240309
-0.84599999999999997424 -0.010506789316665376965
-0.84399999999999997247 -0.0041200108148127800867
-0.84199999999999997069 0.0023797172850971715086
-0.83999999999999996891 0.0089891348917395808016
-0.83799999999999996714 0.015704743505909557477
-0.83599999999999996536 0.022522815364833415064
-0.83399999999999996358 0.029439406932898593006
-0.83199999999999996181 0.036450366861059069201
-0.82999999999999996003 0.043551334999644697454
-0.82799999999999995826 0.050737738180645919339
-0.82599999999999995648 0.058004786023192422828
-0.8239999999999999547 0.065347459293505272271
-0.82199999999999995293 0.072760486441824867576
-0.81999999999999995115 0.080238330609275210215
-0.81799999999999994937 0.087775231263664932335
-0.8159999999999999476 0.095365318215990257933
-0.81399999999999994582 0.10300274093236633233
-0.81199999999999994404 0.11068169987701020895
-0.80999999999999994227 0.11839630708969117734
-0.80800000000000005151 0.12614033852872735819
-0.80600000000000004974 0.13390706527291190708
-0.80400000000000004796 0.14168934104048225286
-0.80200000000000004619 0.14947996001768454333
-0.80000000000000004441 0.15727209978958867076
-0.79800000000000004263 0.16505958897626304971
-0.79600000000000004086 0.17283685029040751768
-0.79400000000000003908 0.18059857975726895107
-0.7920000000000000373 0.18833937368392816847
-0.79000000000000003553 0.19605350943386179452
-0.78800000000000003375 0.20373495430731403122
-0.78600000000000003197 0.2113775318973898365
-0.7840000000000000302 0.21897511331654095912
-0.78200000000000002842 0.22652173630722816089
-0.78000000000000002665 0.23401163397820179402
-0.77800000000000002487 0.24143921230030973568
-0.77600000000000002309 0.24879902468939174565
-0.77400000000000002132 0.25608576809035155097
-0.77200000000000001954 0.26329429812369409269
-0.77000000000000001776 0.27041964951986741106
-0.76800000000000001599 0.27745705170659373806
-0.76600000000000001421 0.28440193776712086038
-0.76400000000000001243 0.29124994988188357414
-0.76200000000000001066 0.29799694434270329602
-0.76000000000000000888 0.3046389970589769014
-0.75800000000000000711 0.31117240891978581452
-0.75600000000000000533 0.31759371019777571377
-0.75400000000000000355 0.32389966370495293368
-0.75200000000000000178 0.33008726683788836009
-0.75 0.33615375272521963446
-0.74799999999999999822 0.34209659057489671952
-0.74599999999999999645 0.34791348522104259544
-0.74399999999999999467 0.35360237585763787393
-0.74199999999999999289 0.3591614339778710363
-0.73999999999999999112 0.36458906056428364018
-0.73799999999999998934 0.36988388258057358637
-0.73599999999999998757 0.37504474881193905489
-0.73399999999999998579 0.38007072509840733598
-0.73199999999999998401 0.38496108900690440002
-0.72999999999999998224 0.38971532399042629891
-0.72799999999999998046 0.394333113084490261
-0.72599999999999997868 0.39881433219107909061
-0.72399999999999997691 0.40315904300020855011
-0.72199999999999997513 0.40736748559860025409
-0.71999999999999997335 0.41144007081424416317
-0.71799999999999997158 0.41537737234476956871
-0.7159999999999999698 0.41918011871609905938
-0.71399999999999996803 0.42284918511641333971
-0.71199999999999996625 0.42638558514856972348
-0.70999999999999996447 0.42979046254211905609
-0.7079999999999999627 0.43306508286400124952
-0.70599999999999996092 0.43621082526459975526
-0.70399999999999995914 0.43922917429353702801
-0.70199999999999995737 0.44212171181706161338
-0.69999999999999995559 0.44489010906641834886
-0.69799999999999995381 0.44753611884392985321
-0.69599999999999995204 0.45006156791113982596
-0.69399999999999995026 0.45246834958060899723
-0.69199999999999994849 0.45475841653066373382
-0.68999999999999994671 0.45693377385980493699
-0.68799999999999994493 0.45899647239514473895
-0.68599999999999994316 0.46094860226694600591
-0.68399999999999994138 0.46279228675912675861
-0.6819999999999999396 0.4645296764434364567
-0.67999999999999993783 0.46616294360307608535
-0.67800000000000004707 0.46769427694955623132
-0.6760000000000000453 0.4691258766349684084
-0.67400000000000004352 0.47045994955995951159
-0.67200000000000004174 0.47169870497637389484
-0.67000000000000003997 0.47284435038208760815
-0.66800000000000003819 0.47389908770413491368
-0.66600000000000003642 0.47486510976521778549
-0.66400000000000003464 0.4757445970275937519
-0.66200000000000003286 0.47653971460734712018
-0.66000000000000003109 0.47725260955126014295
-0.65800000000000002931 0.47788540836783255372
-0.65600000000000002753 0.47844021480324228079
-0.65400000000000002576 0.4789191078526608969
-0.65200000000000002398 0.47932413999678957772
-0.6500000000000000222 0.47965733565320056719
-0.64800000000000002043 0.47992068983173918895
-0.64600000000000001865 0.4801161669831434109
-0.64400000000000001688 0.48024570002975774941
-0.6420000000000000151 0.48031118956733420688
-0.64000000000000001332 0.48031450322680080411
-0.63800000000000001155 0.48025747518491668231
-0.63600000000000000977 0.48014190581299742711
-0.63400000000000000799 0.47996956145282476669
-0.63200000000000000622 0.47974217430928622896
-0.63000000000000000444 0.47946144244931676592
-0.62800000000000000266 0.47912902989721350977
-0.62600000000000000089 0.47874656681644223166
-0.62399999999999999911 0.47831564976871654427
-0.62199999999999999734 0.47783784204116641625
-0.61999999999999999556 0.47731467403304428387
-0.61799999999999999378 0.47674764369370725703
-0.61599999999999999201 0.47613821700413905269
-0.61399999999999999023 0.47548782849451076693
-0.61199999999999998845 0.47479788179107784707
-0.60999999999999998668 0.47406975018577779402
-0.6079999999999999849 0.47330477722268859964
-0.60599999999999998312 0.47250427729578214908
-0.60399999999999998135 0.47166953625294016916
-0.60199999999999997957 0.47080181200168458311
-0.5999999999999999778 0.46990233511250445453
-0.59799999999999997602 0.46897230941614020949
-0.59599999999999997424 0.46801291259160149316
-0.59399999999999997247 0.46702529674214776634
-0.59199999999999997069 0.46601058895689195793
-0.58999999999999996891 0.46496989185601567129
-0.58799999999999996714 0.46390428411808726228
-0.58599999999999996536 0.46281482098815796
-0.58399999999999996358 0.46170253476588762886
-0.58199999999999996181 0.46056843527295243668
-0.57999999999999996003 0.45941351029962773644
-0.57799999999999995826 0.45823872603038107165
-0.57599999999999995648 0.45704502744880581844
-0.5739999999999999547 0.45583333872222020489
-0.57199999999999995293 0.45460456356665956967
-0.56999999999999995115 0.45335958559293776382
-0.56799999999999994937 0.45209926863477112313
-0.5659999999999999476 0.45082445705995199958
-0.56399999999999994582 0.44953597606571238376
-0.56199999999999994404 0.44823463195944812654
-0.55999999999999994227 0.44692121242602289577
-0.55799999999999994049 0.44559648678298069413
-0.55599999999999993872 0.44426120622483122879
-0.55399999999999993694 0.44291610405774095582
-0.55200000000000004619 0.44156189592590033843
-0.55000000000000004441 0.44019928003064612287
-0.54800000000000004263 0.43882893734366179572
-0.54600000000000004086 0.43745153181522300478
-0.54400000000000003908 0.43606771057863336072
-0.5420000000000000373 0.43467810415176444394
-0.54000000000000003553 0.43328332663659774315
-0.53800000000000003375 0.43188397591763427741
-0.53600000000000003197 0.43048063385985901874
-0.5340000000000000302 0.4290738665069711022
-0.53200000000000002842 0.4276642242803992966
-0.53000000000000002665 0.42625224217965285156
-0.52800000000000002487 0.42483843998435399936
-0.52600000000000002309 0.42342332245845160088
-0.52400000000000002132 0.42200737955663525369
-0.52200000000000001954 0.42059108663340605272
-0.52000000000000001776 0.41917490465477880157
-0.51800000000000001599 0.4177592804127348014
-0.51600000000000001421 0.41634464674247784188
-0.51400000000000001243 0.41493142274243799417
-0.51200000000000001066 0.41352001399689897188
-0.51000000000000000888 0.41211081280126182769
-0.50800000000000000711 0.41070419838964677961
-0.50600000000000000533 0.40930053716475955916
-0.50400000000000000355 0.40790018292971153002
-0.50200000000000000178 0.40650347712171897019
-0.5 0.40511074904721566803
-0.49799999999999999822 0.40372231611834363818
-0.49599999999999999645 0.40233848409033923232
-0.49399999999999999467 0.40095954729969296437
-0.49199999999999999289 0.39958578890270890493
-0.48999999999999999112 0.39821748111423238559
-0.48799999999999998934 0.39685488544615754591
-0.48599999999999998757 0.39549825294561058442
-0.48399999999999998579 0.39414782443234130938
-0.48199999999999998401 0.39280383073520108717
-0.47999999999999998224 0.39146649292734769787
-0.47799999999999998046 0.3901360225600096765
-0.47599999999999997868 0.38881262189448850819
-0.47399999999999997691 0.38749648413226100985
-0.47199999999999997513 0.38618779364288413625
-0.46999999999999997335 0.38488672618958363891
-0.46799999999999997158 0.38359344915225079831
-0.4659999999999999698 0.38230812174778039392
-0.46399999999999996803 0.38103089524745814565
-0.46199999999999996625 0.3797619131914121704
-0.45999999999999996447 0.37850131159985322959
-0.4579999999999999627 0.37724921918104314944
-0.45599999999999996092 0.37600575753595966155
-0.45400000000000001465 0.37477104135937833185
-0.45200000000000001288 0.37354517863753156082
-0.4500000000000000111 0.37232827084203523604
-0.44800000000000000933 0.37112041312023436035
-0.44600000000000000755 0.36992169448179135216
-0.44400000000000000577 0.36873219798150147497
-0.442000000000000004 0.36755200089838124811
-0.44000000000000000222 0.36638117491088550981
-0.43800000000000000044 0.36521978626840956306
-0.43599999999999999867 0.36406789595888655597
-0.43399999999999999689 0.36292555987268571016
-0.43199999999999999512 0.36179282896263720293
-0.42999999999999999334 0.36066974940034202124
-0.42799999999999999156 0.3595563627287434727
-0.42599999999999998979 0.35845270601097678487
-0.42399999999999998801 0.3573588119755456427
-0.42199999999999998623 0.35627470915789150041
-0.41999999999999998446 0.3552004220383639943
-0.41799999999999998268 0.3541359711766570717
-0.4159999999999999809 0.3530813733427693446
-0.41399999999999997913 0.3520366416445332991
-0.41199999999999997735 0.35100178565176620715
-0.40999999999999997558 0.34997681151712534131
-0.4079999999999999738 0.34896172209369114015
-0.40599999999999997202 0.34795651704937657911
-0.40399999999999997025 0.3469611929782296933
-0.40199999999999996847 0.34597574350860460513
-0.39999999999999996669 0.34500015940844375173
-0.39799999999999996492 0.34403442868754008366
-0.39599999999999996314 0.34307853669698262777
-0.39399999999999996136 0.34213246622580473222
-0.3920000000000000151 0.34119619759486496946
-0.39000000000000001332 0.34026970874811257595
-0.38800000000000001155 0.3393529753412366512
-0.38600000000000000977 0.33844597082775007557
-0.38400000000000000799 0.33754866654268189663
-0.38200000000000000622 0.33666103178375572647
-0.38000000000000000444 0.33578303389034069859
-0.37800000000000000266 0.33491463832004431111
-0.37600000000000000089 0.33405580872310070006
-0.37399999999999999911 0.33320650701464638033
-0.37199999999999999734 0.33236669344484537358
-0.36999999999999999556 0.33153632666699084375
-0.36799999999999999378 0.33071536380364041641
-0.36599999999999999201 0.32990376051080549935
-0.36399999999999999023 0.32910147104027809295
-0.36199999999999998845 0.32830844830011152169
-0.35999999999999998668 0.327524643913420066
-0.3579999999999999849 0.32675000827532607595
-0.35599999999999998312 0.32598449060838030622
-0.35399999999999998135 0.32522803901626506917
-0.35199999999999997957 0.32448060053598459795
-0.3499999999999999778 0.32374212118851652953
-0.34799999999999997602 0.32301254602796025672
-0.34599999999999997424 0.32229181918930327466
-0.34399999999999997247 0.32157988393473802002
-0.34199999999999997069 0.32087668269865177173
-0.33999999999999996891 0.32018215713134490219
-0.33799999999999996714 0.31949624814140054063
-0.33599999999999996536 0.31881889593686807416
-0.33399999999999996358 0.31815004006523928126
-0.33199999999999996181 0.31748961945227627268
-0.32999999999999996003 0.31683757243966681472
-0.32799999999999995826 0.31619383682165302929
-0.32600000000000001199 0.31555834988052788859
-0.32400000000000001021 0.31493104842115093867
-0.32200000000000000844 0.31431186880443717779
-0.32000000000000000666 0.31370074697988714618
-0.31800000000000000488 0.31309761851718365122
-0.31600000000000000311 0.31250241863683081434
-0.31400000000000000133 0.31191508223995656479
-0.31199999999999999956 0.31133554393723739118
-0.30999999999999999778 0.31076373807695190088
-0.307999999999999996 0.31019959877228853173
-0.30599999999999999423 0.3096430599277812945
-0.30399999999999999245 0.30909405526506295026
-0.30199999999999999067 0.30855251834778696374
-0.2999999999999999889 0.3080183826059024188
-0.29799999999999998712 0.30749158135916676571
-0.29599999999999998535 0.30697204784000620137
-0.29399999999999998357 0.3064597152157317872
-0.29199999999999998179 0.30595451661006589639
-0.28999999999999998002 0.30545638512409878373
-0.28799999999999997824 0.30496525385657968776
-0.28599999999999997646 0.30448105592356078386
-0.28399999999999997469 0.30400372447754353544
-0.28199999999999997291 0.3035331927259553586
-0.27999999999999997113 0.30306939394927023823
-0.27799999999999996936 0.30261226151852049782
-0.27599999999999996758 0.30216172891250536736
-0.27399999999999996581 0.30171772973437616105
-0.27199999999999996403 0.30128019772759284667
-0.26999999999999996225 0.30084906679119216566
-0.26799999999999996048 0.30042427099439339422
-0.2659999999999999587 0.30000574459063833466
-0.26400000000000001243 0.29959342203151129169
-0.26200000000000001066 0.29918723798078150633
-0.26000000000000000888 0.29878712732875978286
-0.25800000000000000711 0.29839302520678945285
-0.25600000000000000533 0.29800486700136019635
-0.25400000000000000355 0.2976225883671752559
-0.25200000000000000178 0.29724612523860527435
-0.24999999999999997224 0.29687541383916049575
-0.24799999999999999822 0.2965103906892755381
-0.24599999999999999645 0.29615099261303312606
-0.24399999999999999467 0.29579715674561346539
-0.24199999999999999289 0.29544882054356791379
-0.23999999999999999112 0.29510592179893735398
-0.23799999999999998934 0.29476839865452286737
-0.23599999999999998757 0.29443618961333184458
-0.23399999999999998579 0.29410923353749218734
-0.23199999999999998401 0.29378746964454816037
-0.22999999999999998224 0.29347083752524638633
-0.22799999999999998046 0.2931592772018825066
-0.22599999999999997868 0.29285272919967031413
-0.22399999999999997691 0.29255113453793746281
-0.22199999999999997513 0.29225443454762645157
-0.21999999999999997335 0.29196257057166230542
-0.21799999999999997158 0.29167548386052766229
-0.2159999999999999698 0.29139311608395979114
-0.21399999999999999578 0.29111541051945444281
-0.211999999999999994 0.29084231313436448296
-0.20999999999999999223 0.29057377203709489066
-0.20799999999999999045 0.29030973409666538387
-0.20599999999999998868 0.29005013939685708735
-0.2039999999999999869 0.28979491671705148725
-0.20199999999999998512 0.2895439843043213779
-0.19999999999999998335 0.28929725804316674953
-0.19799999999999998157 0.28905466427144566044
-0.19599999999999997979 0.28881615019669559796
-0.19399999999999997802 0.28858168494862157516
-0.19199999999999997624 0.28835124970151149171
-0.18999999999999997446 0.28812482254680960025
-0.18799999999999997269 0.28790236734090868254
-0.18599999999999997091 0.28768383262781571652
-0.18399999999999999689 0.28746915937459194268
-0.18199999999999999512 0.28725829057287155521
-0.17999999999999999334 0.28705117599818930074
-0.17799999999999999156 0.28684777056663390837
-0.17599999999999998979 0.28664802984365844729
-0.17399999999999998801 0.28645190724933344839
-0.17199999999999998623 0.28625935457561912933
-0.16999999999999998446 0.28607032410623522978
-0.16799999999999998268 0.28588476988194289063
-0.1659999999999999809 0.2857026473305785963
-0.16399999999999997913 0.28552391226529616475
-0.16199999999999997735 0.28534852045118674901
-0.15999999999999997558 0.28517642792163444554
-0.1579999999999999738 0.28500759142061782292
-0.15599999999999997202 0.28484196847590892432
-0.15399999999999997025 0.28467951718780581949
-0.15199999999999996847 0.28452019607752498942
-0.14999999999999999445 0.28436396413122921878
-0.14799999999999999267 0.28421078090775608871
-0.1459999999999999909 0.28406060656498666184
-0.14399999999999998912 0.2839134018128106618
-0.14199999999999998734 0.28376912787952246475
-0.13999999999999998557 0.28362774652495170713
-0.13799999999999998379 0.28348922006476318103
-0.13599999999999998201 0.2833535113729790389
-0.13399999999999998024 0.28322058387036053162
-0.13199999999999997846 0.2830904015196618051
-0.12999999999999997669 0.28296292883087104109
-0.12799999999999997491 0.28283813086577747065
-0.12599999999999997313 0.28271597323674280133
-0.12399999999999998523 0.28259642210426805242
-0.12199999999999998346 0.28247944417716430721
-0.11999999999999998168 0.28236500671398978568
-0.1179999999999999799 0.28225307752334982681
-0.11599999999999997813 0.28214362496314127071
-0.11399999999999997635 0.28203661794021472886
-0.11199999999999998845 0.28193202591049559835
-0.10999999999999998668 0.28182981887898117535
-0.1079999999999999849 0.28172996739941158495
-0.10599999999999998312 0.2816324425738738757
-0.10399999999999998135 0.28153721605252779447
-0.10199999999999997957 0.28144426003334443998
-0.099999999999999977796 0.28135354726170769268
-0.097999999999999976019 0.28126505102996701702
-0.095999999999999974243 0.2811787451770062507
-0.093999999999999986344 0.28109460408782127594
-0.091999999999999984568 0.28101260269300687433
-0.089999999999999982792 0.28093271646823980703
-0.087999999999999981015 0.28085492143375123675
-0.085999999999999979239 0.28077919415378982393
-0.083999999999999977462 0.28070551173603708328
-0.081999999999999975686 0.28063385183101186016
-0.079999999999999987788 0.28056419263149923182
-0.077999999999999986011 0.28049651287191990079
-0.075999999999999984235 0.28043079182769337088
-0.073999999999999982458 0.28036700931463776065
-0.071999999999999980682 0.28030514568829012489
-0.069999999999999978906 0.2802451818432987185
-0.067999999999999977129 0.28018709921271445218
-0.065999999999999975353 0.28013087976739270424
-0.063999999999999973577 0.28007650601529010537
-0.061999999999999978739 0.2800239610008312674
-0.059999999999999983902 0.27997322830421844664
-0.057999999999999982125 0.27992429204079227745
-0.055999999999999980349 0.2798771368603769627
-0.053999999999999978573 0.27983174794659304574
-0.051999999999999976796 0.27978811101626765989
-0.049999999999999981959 0.27974621231872220939
-0.047999999999999980183 0.27970603863518794796
-0.045999999999999978406 0.27966757727814939294
-0.043999999999999983569 0.27963081609071327449
-0.041999999999999981792 0.27959574344604654073
-0.039999999999999980016 0.27956234824672510086
-0.03799999999999997824 0.27953061992416405879
-0.035999999999999976463 0.27950054843805571814
-0.033999999999999981626 0.27947212427575873761
-0.031999999999999979849 0.27944533845186469989
-0.029999999999999978073 0.27942018250741984531
-0.027999999999999979766 0.27939664850988332745
-0.025999999999999981459 0.27937472905177229698
-0.023999999999999979683 0.2793544172516955193
-0.021999999999999977907 0.27933570675115748649
-0.0199999999999999796 0.27931859171911721518
-0.017999999999999981293 0.27930306684242545145
-0.015999999999999979516 0.27928912734218536151
-0.013999999999999979475 0.27927676894333619551
-0.011999999999999979433 0.27926598792976542462
-0.0099999999999999793915 0.2792567810349468882
-0.0079999999999999793499 0.27924914556372559815
-0.0059999999999999793082 0.2792430788508699635
-0.0039999999999999792666 0.27923857949889985264
-0.001999999999999979225 0.27923564939952982833
2.0816681711721685133e-17 0.27923457688498087848
0.0020000000000000208583 0.27923564939952982833
0.0040000000000000208999 0.27923857949889985264
0.0060000000000000209416 0.2792430788508699635
0.0080000000000000209832 0.27924914556372559815
0.010000000000000021025 0.2792567810349468882
0.012000000000000021066 0.27926598792976542462
0.014000000000000021108 0.27927676894333619551
0.01600000000000002115 0.27928912734218536151
0.018000000000000022926 0.27930306684242545145
0.020000000000000021233 0.27931859171911721518
0.02200000000000001954 0.27933570675115748649
0.024000000000000021316 0.2793544172516955193
0.026000000000000023093 0.27937472905177229698
0.0280000000000000214 0.27939664850988332745
0.030000000000000019706 0.27942018250741984531
0.032000000000000021483 0.27944533845186469989
0.034000000000000023259 0.27947212427575873761
0.036000000000000018097 0.27950054843805571814
0.038000000000000019873 0.27953061992416405879
0.040000000000000021649 0.27956234824672510086
0.042000000000000023426 0.27959574344604654073
0.044000000000000025202 0.27963081609071327449
0.04600000000000002004 0.27966757727814939294
0.048000000000000021816 0.27970603863518794796
0.050000000000000023592 0.27974621231872220939
0.05200000000000001843 0.27978811101626765989
0.054000000000000020206 0.27983174794659304574
0.056000000000000021982 0.2798771368603769627
0.058000000000000023759 0.27992429204079227745
0.060000000000000025535 0.27997322830421844664
0.062000000000000020373 0.2800239610008312674
0.064000000000000029088 0.28007650601529010537
0.066000000000000016986 0.28013087976739270424
0.068000000000000018763 0.28018709921271445218
0.070000000000000020539 0.2802451818432987185
0.072000000000000022315 0.28030514568829012489
0.074000000000000024092 0.28036700931463776065
0.076000000000000025868 0.28043079182769337088
0.078000000000000027645 0.28049651287191990079
0.080000000000000015543 0.28056419263149923182
0.082000000000000017319 0.28063385183101186016
0.084000000000000019096 0.28070551173603708328
0.086000000000000020872 0.28077919415378982393
0.088000000000000022649 0.28085492143375123675
0.090000000000000024425 0.28093271646823980703
0.092000000000000026201 0.28101260269300687433
0.094000000000000027978 0.28109460408782127594
0.096000000000000029754 0.2811787451770062507
0.098000000000000017653 0.28126505102996701702
0.10000000000000001943 0.28135354726170769268
0.10200000000000002121 0.28144426003334443998
0.10400000000000002298 0.28153721605252779447
0.10600000000000002476 0.2816324425738738757
0.10800000000000002653 0.28172996739941158495
0.11000000000000002831 0.28182981887898117535
0.11200000000000001621 0.28193202591049559835
0.11400000000000001799 0.28203661794021472886
0.11600000000000001976 0.28214362496314127071
0.11800000000000002154 0.28225307752334982681
0.12000000000000002331 0.28236500671398978568
0.12200000000000002509 0.28247944417716430721
0.12400000000000002687 0.28259642210426805242
0.12600000000000002864 0.28271597323674280133
0.12800000000000003042 0.28283813086577747065
0.1300000000000000322 0.28296292883087104109
0.13200000000000003397 0.2830904015196618051
0.13400000000000003575 0.28322058387036053162
0.13600000000000000977 0.2833535113729790389
0.13800000000000001155 0.28348922006476318103
0.14000000000000001332 0.28362774652495170713
0.1420000000000000151 0.28376912787952246475
0.14400000000000001688 0.2839134018128106618
0.14600000000000001865 0.28406060656498666184
0.14800000000000002043 0.28421078090775608871
0.1500000000000000222 0.28436396413122921878
0.15200000000000002398 0.28452019607752498942
0.15400000000000002576 0.28467951718780581949
0.15600000000000002753 0.28484196847590892432
0.15800000000000002931 0.28500759142061782292
0.16000000000000003109 0.28517642792163444554
0.16200000000000003286 0.28534852045118674901
0.16400000000000003464 0.28552391226529616475
0.16600000000000003642 0.2857026473305785963
0.16800000000000003819 0.28588476988194289063
0.17000000000000001221 0.28607032410623522978
0.17200000000000001399 0.28625935457561912933
0.17400000000000001577 0.28645190724933344839
0.17600000000000001754 0.28664802984365844729
0.17800000000000001932 0.28684777056663390837
0.18000000000000002109 0.28705117599818930074
0.18200000000000002287 0.28725829057287155521
0.18400000000000002465 0.28746915937459194268
0.18600000000000002642 0.28768383262781571652
0.1880000000000000282 0.28790236734090868254
0.19000000000000002998 0.28812482254680960025
0.19200000000000003175 0.28835124970151149171
0.19400000000000003353 0.28858168494862157516
0.19600000000000003531 0.28881615019669559796
0.19800000000000003708 0.28905466427144566044
0.2000000000000000111 0.28929725804316674953
0.20200000000000001288 0.2895439843043213779
0.20400000000000001465 0.28979491671705148725
0.20600000000000001643 0.29005013939685708735
0.20800000000000001821 0.29030973409666538387
0.21000000000000001998 0.29057377203709489066
0.21200000000000002176 0.29084231313436448296
0.21400000000000002354 0.29111541051945444281
0.21600000000000002531 0.29139311608395979114
0.21800000000000002709 0.29167548386052766229
0.22000000000000002887 0.29196257057166230542
0.22200000000000003064 0.29225443454762645157
0.22400000000000003242 0.29255113453793746281
0.22600000000000003419 0.29285272919967031413
0.22800000000000003597 0.2931592772018825066
0.23000000000000003775 0.29347083752524638633
0.23200000000000003952 0.29378746964454816037
0.23400000000000001354 0.29410923353749218734
0.23600000000000001532 0.29443618961333184458
0.2380000000000000171 0.29476839865452286737
0.24000000000000001887 0.29510592179893735398
0.24200000000000002065 0.29544882054356791379
0.24400000000000002243 0.29579715674561346539
0.2460000000000000242 0.29615099261303312606
0.24800000000000002598 0.2965103906892755381
0.25 0.29687541383916049575
0.25200000000000000178 0.29724612523860527435
0.25400000000000000355 0.2976225883671752559
0.25600000000000000533 0.29800486700136019635
0.25800000000000000711 0.29839302520678945285
0.26000000000000000888 0.29878712732875978286
0.26200000000000001066 0.29918723798078150633
0.26400000000000001243 0.29959342203151129169
0.26600000000000001421 0.30000574459063833466
0.26800000000000001599 0.30042427099439339422
0.27000000000000001776 0.30084906679119216566
0.27200000000000001954 0.30128019772759284667
0.27400000000000002132 0.30171772973437616105
0.27600000000000002309 0.30216172891250536736
0.27800000000000002487 0.30261226151852049782
0.28000000000000002665 0.30306939394927023823
0.28200000000000002842 0.3035331927259553586
0.2840000000000000302 0.30400372447754353544
0.28600000000000003197 0.30448105592356078386
0.28800000000000003375 0.30496525385657968776
0.29000000000000003553 0.30545638512409878373
0.2920000000000000373 0.30595451661006589639
0.29400000000000003908 0.3064597152157317872
0.29600000000000004086 0.30697204784000620137
0.29800000000000004263 0.30749158135916676571
0.30000000000000004441 0.3080183826059024188
0.30200000000000004619 0.30855251834778696374
0.30400000000000004796 0.30909405526506295026
0.30600000000000004974 0.3096430599277812945
0.30800000000000005151 0.31019959877228853173
0.31000000000000005329 0.31076373807695190088
0.31200000000000005507 0.31133554393723739118
0.31400000000000000133 0.31191508223995656479
0.31600000000000000311 0.31250241863683081434
0.31800000000000000488 0.31309761851718365122
0.32000000000000000666 0.31370074697988714618
0.32200000000000000844 0.31431186880443717779
0.32400000000000001021 0.31493104842115093867
0.32600000000000001199 0.31555834988052788859
0.32800000000000001377 0.31619383682165302929
0.33000000000000001554 0.31683757243966681472
0.33200000000000001732 0.31748961945227627268
0.3340000000000000191 0.31815004006523928126
0.33600000000000002087 0.31881889593686807416
0.33800000000000002265 0.31949624814140054063
0.34000000000000002442 0.32018215713134490219
0.3420000000000000262 0.32087668269865177173
0.34400000000000002798 0.32157988393473802002
0.34600000000000002975 0.32229181918930327466
0.34800000000000003153 0.32301254602796025672
0.35000000000000003331 0.32374212118851652953
0.35200000000000003508 0.32448060053598459795
0.35400000000000003686 0.32522803901626506917
0.35600000000000003864 0.32598449060838030622
0.35800000000000004041 0.32675000827532607595
0.36000000000000004219 0.327524643913420066
0.36200000000000004396 0.32830844830011152169
0.36400000000000004574 0.32910147104027809295
0.36600000000000004752 0.32990376051080549935
0.36800000000000004929 0.33071536380364041641
0.37000000000000005107 0.33153632666699084375
0.37200000000000005285 0.33236669344484537358
0.37400000000000005462 0.33320650701464638033
0.37600000000000000089 0.33405580872310070006
0.37800000000000000266 0.33491463832004431111
0.38000000000000000444 0.33578303389034069859
0.38200000000000000622 0.33666103178375572647
0.38400000000000000799 0.33754866654268189663
0.38600000000000000977 0.33844597082775007557
0.38800000000000001155 0.3393529753412366512
0.39000000000000001332 0.34026970874811257595
0.3920000000000000151 0.34119619759486496946
0.39400000000000001688 0.34213246622580473222
0.39600000000000001865 0.34307853669698262777
0.39800000000000002043 0.34403442868754008366
0.4000000000000000222 0.34500015940844375173
0.40200000000000002398 0.34597574350860460513
0.40400000000000002576 0.3469611929782296933
0.40600000000000002753 0.34795651704937657911
0.40800000000000002931 0.34896172209369114015
0.41000000000000003109 0.34997681151712534131
0.41200000000000003286 0.35100178565176620715
0.41400000000000003464 0.3520366416445332991
0.41600000000000003642 0.3530813733427693446
0.41800000000000003819 0.3541359711766570717
0.42000000000000003997 0.3552004220383639943
0.42200000000000004174 0.35627470915789150041
0.42400000000000004352 0.3573588119755456427
0.4260000000000000453 0.35845270601097678487
0.42800000000000004707 0.3595563627287434727
0.43000000000000004885 0.36066974940034202124
0.43200000000000005063 0.36179282896263720293
0.4340000000000000524 0.36292555987268571016
0.43600000000000005418 0.36406789595888655597
0.43800000000000005596 0.36521978626840956306
0.44000000000000005773 0.36638117491088550981
0.442000000000000004 0.36755200089838124811
0.44400000000000000577 0.36873219798150147497
0.44600000000000000755 0.36992169448179135216
0.44800000000000000933 0.37112041312023436035
0.4500000000000000111 0.37232827084203523604
0.45200000000000001288 0.37354517863753156082
0.45400000000000001465 0.37477104135937833185
0.45600000000000001643 0.37600575753595966155
0.45800000000000001821 0.37724921918104314944
0.46000000000000001998 0.37850131159985322959
0.46200000000000002176 0.3797619131914121704
0.46400000000000002354 0.38103089524745814565
0.46600000000000002531 0.38230812174778039392
0.46800000000000002709 0.38359344915225079831
0.47000000000000002887 0.38488672618958363891
0.47200000000000003064 0.38618779364288413625
0.47400000000000003242 0.38749648413226100985
0.47600000000000003419 0.38881262189448850819
0.47800000000000003597 0.3901360225600096765
0.48000000000000003775 0.39146649292734769787
0.48200000000000003952 0.39280383073520108717
0.4840000000000000413 0.39414782443234130938
0.48600000000000004308 0.39549825294561058442
0.48800000000000004485 0.39685488544615754591
0.49000000000000004663 0.39821748111423238559
0.49200000000000004841 0.39958578890270890493
0.49400000000000005018 0.40095954729969296437
0.49600000000000005196 0.40233848409033923232
0.49800000000000005373 0.40372231611834363818
0.5 0.40511074904721566803
0.50200000000000000178 0.40650347712171897019
0.50400000000000000355 0.40790018292971153002
0.50600000000000000533 0.40930053716475955916
0.50800000000000000711 0.41070419838964677961
0.51000000000000000888 0.41211081280126182769
0.51200000000000001066 0.41352001399689897188
0.51400000000000001243 0.41493142274243799417
0.51600000000000001421 0.41634464674247784188
0.51800000000000001599 0.4177592804127348014
0.52000000000000001776 0.41917490465477880157
0.52200000000000001954 0.42059108663340605272
0.52400000000000002132 0.42200737955663525369
0.52600000000000002309 0.42342332245845160088
0.52800000000000002487 0.42483843998435399936
0.53000000000000002665 0.42625224217965285156
0.53200000000000002842 0.4276642242803992966
0.5340000000000000302 0.4290738665069711022
0.53600000000000003197 0.43048063385985901874
0.53800000000000003375 0.43188397591763427741
0.54000000000000003553 0.43328332663659774315
0.5420000000000000373 0.43467810415176444394
0.54400000000000003908 0.43606771057863336072
0.54600000000000004086 0.43745153181522300478
0.54800000000000004263 0.43882893734366179572
0.55000000000000004441 0.44019928003064612287
0.55200000000000004619 0.44156189592590033843
0.55400000000000004796 0.44291610405774095582
0.55600000000000004974 0.44426120622483122879
0.55800000000000005151 0.44559648678298069413
0.56000000000000005329 0.44692121242602289577
0.56200000000000005507 0.44823463195944812654
0.56400000000000005684 0.44953597606571238376
0.56600000000000005862 0.45082445705995199958
0.5680000000000000604 0.45209926863477112313
0.57000000000000006217 0.45335958559293776382
0.57200000000000006395 0.45460456356665956967
0.57400000000000006573 0.45583333872222020489
0.5760000000000000675 0.45704502744880581844
0.57800000000000006928 0.45823872603038107165
0.58000000000000007105 0.45941351029962773644
0.58200000000000007283 0.46056843527295243668
0.58400000000000007461 0.46170253476588762886
0.58600000000000007638 0.46281482098815796
0.58800000000000007816 0.46390428411808726228
0.59000000000000007994 0.46496989185601567129
0.59200000000000008171 0.46601058895689195793
0.59400000000000008349 0.46702529674214776634
0.59600000000000008527 0.46801291259160149316
0.59800000000000008704 0.46897230941614020949
0.60000000000000008882 0.46990233511250445453
0.60199999999999997957 0.47080181200168458311
0.60399999999999998135 0.47166953625294016916
0.60599999999999998312 0.47250427729578214908
0.6079999999999999849 0.47330477722268859964
0.60999999999999998668 0.47406975018577779402
0.61199999999999998845 0.47479788179107784707
0.61399999999999999023 0.47548782849451076693
0.61599999999999999201 0.47613821700413905269
0.61799999999999999378 0.47674764369370725703
0.61999999999999999556 0.47731467403304428387
0.62199999999999999734 0.47783784204116641625
0.62399999999999999911 0.47831564976871654427
0.62600000000000000089 0.47874656681644223166
0.62800000000000000266 0.47912902989721350977
0.63000000000000000444 0.47946144244931676592
0.63200000000000000622 0.47974217430928622896
0.63400000000000000799 0.47996956145282476669
0.63600000000000000977 0.48014190581299742711
0.63800000000000001155 0.48025747518491668231
0.64000000000000001332 0.48031450322680080411
0.6420000000000000151 0.48031118956733420688
0.64400000000000001688 0.48024570002975774941
0.64600000000000001865 0.4801161669831434109
0.64800000000000002043 0.47992068983173918895
0.6500000000000000222 0.47965733565320056719
0.65200000000000002398 0.47932413999678957772
0.65400000000000002576 0.4789191078526608969
0.65600000000000002753 0.47844021480324228079
0.65800000000000002931 0.47788540836783255372
0.66000000000000003109 0.47725260955126014295
0.66200000000000003286 0.47653971460734712018
0.66400000000000003464 0.4757445970275937519
0.66600000000000003642 0.47486510976521778549
0.66800000000000003819 0.47389908770413491368
0.67000000000000003997 0.47284435038208760815
0.67200000000000004174 0.47169870497637389484
0.67400000000000004352 0.47045994955995951159
0.6760000000000000453 0.4691258766349684084
0.67800000000000004707 0.46769427694955623132
0.68000000000000004885 0.46616294360307608535
0.68200000000000005063 0.4645296764434364567
0.6840000000000000524 0.46279228675912675861
0.68600000000000005418 0.46094860226694600591
0.68800000000000005596 0.45899647239514473895
0.69000000000000005773 0.45693377385980493699
0.69200000000000005951 0.45475841653066373382
0.69400000000000006128 0.45246834958060899723
0.69600000000000006306 0.45006156791113982596
0.69800000000000006484 0.44753611884392985321
0.70000000000000006661 0.44489010906641834886
0.70200000000000006839 0.44212171181706161338
0.70400000000000007017 0.43922917429353702801
0.70600000000000007194 0.43621082526459975526
0.70800000000000007372 0.43306508286400124952
0.7100000000000000755 0.42979046254211905609
0.71200000000000007727 0.42638558514856972348
0.71400000000000007905 0.42284918511641333971
0.71600000000000008082 0.41918011871609905938
0.7180000000000000826 0.41537737234476956871
0.72000000000000008438 0.41144007081424416317
0.72200000000000008615 0.40736748559860025409
0.72400000000000008793 0.40315904300020855011
0.72600000000000008971 0.39881433219107909061
0.72799999999999998046 0.394333113084490261
0.72999999999999998224 0.38971532399042629891
0.73199999999999998401 0.38496108900690440002
0.73399999999999998579 0.38007072509840733598
0.73599999999999998757 0.37504474881193905489
0.73799999999999998934 0.36988388258057358637
0.73999999999999999112 0.36458906056428364018
0.74199999999999999289 0.3591614339778710363
0.74399999999999999467 0.35360237585763787393
0.74599999999999999645 0.34791348522104259544
0.74799999999999999822 0.34209659057489671952
0.75 0.33615375272521963446
0.75200000000000000178 0.33008726683788836009
0.75400000000000000355 0.32389966370495293368
0.75600000000000000533 0.31759371019777571377
0.75800000000000000711 0.31117240891978581452
0.76000000000000000888 0.3046389970589769014
0.76200000000000001066 0.29799694434270329602
0.76400000000000001243 0.29124994988188357414
0.76600000000000001421 0.28440193776712086038
0.76800000000000001599 0.27745705170659373806
0.77000000000000001776 0.27041964951986741106
0.77200000000000001954 0.26329429812369409269
0.77400000000000002132 0.25608576809035155097
0.77600000000000002309 0.24879902468939174565
0.77800000000000002487 0.24143921230030973568
0.78000000000000002665 0.23401163397820179402
0.78200000000000002842 0.22652173630722816089
0.7840000000000000302 0.21897511331654095912
0.78600000000000003197 0.2113775318973898365
0.78800000000000003375 0.20373495430731403122
0.79000000000000003553 0.19605350943386179452
0.7920000000000000373 0.18833937368392816847
0.79400000000000003908 0.18059857975726895107
0.79600000000000004086 0.17283685029040751768
0.79800000000000004263 0.16505958897626304971
0.80000000000000004441 0.15727209978958867076
0.80200000000000004619 0.14947996001768454333
0.80400000000000004796 0.14168934104048225286
0.80600000000000004974 0.13390706527291190708
0.80800000000000005151 0.12614033852872735819
0.81000000000000005329 0.11839630708969117734
0.81200000000000005507 0.11068169987701020895
0.81400000000000005684 0.10300274093236633233
0.81600000000000005862 0.095365318215990257933
0.8180000000000000604 0.087775231263664932335
0.82000000000000006217 0.080238330609275210215
0.82200000000000006395 0.072760486441824867576
0.82400000000000006573 0.065347459293505272271
0.8260000000000000675 0.058004786023192422828
0.82800000000000006928 0.050737738180645919339
0.83000000000000007105 0.043551334999644697454
0.83200000000000007283 0.036450366861059069201
0.83400000000000007461 0.029439406932898593006
0.83600000000000007638 0.022522815364833415064
0.83800000000000007816 0.015704743505909557477
0.84000000000000007994 0.0089891348917395808016
0.84200000000000008171 0.0023797172850971715086
0.84400000000000008349 -0.0041200108148127800867
0.84600000000000008527 -0.010506789316665376965
0.84800000000000008704 -0.016777596577683240309
0.85000000000000008882 -0.022929645010320576226
0.85200000000000009059 -0.028960379201846742081
0.85400000000000009237 -0.034867477792494105948
0.85600000000000009415 -0.040648855131786842954
0.8579999999999999849 -0.046302659570010507029
0.85999999999999998668 -0.05182726922685587656
0.86199999999999998845 -0.057221287696117340005
0.86399999999999999023 -0.062483540452079933125
0.86599999999999999201 -0.067613070893385307514
0.86799999999999999378 -0.07260913514285233239
0.86999999999999999556 -0.077471195900904288312
0.87199999999999999734 -0.082198916038711211662
0.87399999999999999911 -0.086792152086655860455
0.87600000000000000089 -0.09125094735072258878
0.87800000000000000266 -0.095575524540374878768
0.88000000000000000444 -0.099766278081003967326
0.88200000000000000622 -0.10382376629254047584
0.88400000000000000799 -0.10774870345819526074
0.88600000000000000977 -0.11154195175788991778
0.88800000000000001155 -0.11520451311341872724
0.89000000000000001332 -0.11873752103746473829
0.8920000000000000151 -0.1221422325504857298
0.89400000000000001688 -0.12542002019999093365
0.89600000000000001865 -0.12857236422665768716
0.89800000000000002043 -0.13160084494043861048
0.9000000000000000222 -0.1345071353695430072
0.90200000000000002398 -0.13729299423717539197
0.90400000000000002576 -0.13996025932185113261
0.90600000000000002753 -0.14251084126297441923
0.90800000000000002931 -0.1449467178746088325
0.91000000000000003109 -0.147269929027239177
0.91200000000000003286 -0.14948257215443944146
0.91400000000000003464 -0.15158679843801226017
0.91600000000000003642 -0.15358480971820717698
0.91800000000000003819 -0.15547885616417717047
0.92000000000000003997 -0.15727123472449416886
0.92200000000000004174 -0.15896428835779491395
0.92400000000000004352 -0.16056040601843918347
0.9260000000000000453 -0.16206202334082903116
0.92800000000000004707 -0.163471623929411225
0.93000000000000004885 -0.16479174111950570247
0.93200000000000005063 -0.16602496002799654873
0.9340000000000000524 -0.16717391966337680209
0.93600000000000005418 -0.16824131481461640503
0.93800000000000005596 -0.16922989738885646505
0.94000000000000005773 -0.17014247682481498103
0.94200000000000005951 -0.17098191917130564632
0.94400000000000006128 -0.17175114439930755372
0.94600000000000006306 -0.17245312150472538737
0.94800000000000006484 -0.17309086097791626102
0.95000000000000006661 -0.17366740424492141392
0.95200000000000006839 -0.17418580975916600484
0.95400000000000007017 -0.17464913550430474776
0.95600000000000007194 -0.17506041779344178044
0.95800000000000007372 -0.17542264641709542916
0.9600000000000000755 -0.17573873627674874154
0.96200000000000007727 -0.1760114960705866094
0.96400000000000007905 -0.1762435942352018059
0.96600000000000008082 -0.17643752386191624559
0.9680000000000000826 -0.17659556541950277575
0.97000000000000008438 -0.17671975246713181318
0.97200000000000008615 -0.17681183428304403371
0.97400000000000008793 -0.17687325543371149039
0.97600000000000008971 -0.17690511286664675761
0.97800000000000009148 -0.1769081449951771523
0.98000000000000009326 -0.17688264823447652496
0.98200000000000009504 -0.17682868104558768785
0.98399999999999998579 -0.17674602247260268184
0.98599999999999998757 -0.17663427699513592484
0.98799999999999998934 -0.17649071507128202829
0.98999999999999999112 -0.17631026608184002802
0.99199999999999999289 -0.17608353954916799999
0.99399999999999999467 -0.17580436261430937295
0.99599999999999999645 -0.17545379699068602841
0.99799999999999999822 -0.17497451316911005748
1 -0.17412807927672691033
