0.000000
-1 1.0312107241033929839e-08
-0.99799999999999999822 1.0725079751389143823e-08
-0.99599999999999999645 1.1154263040991097e-08
-0.99399999999999999467 1.1600266833916572651e-08
-0.99199999999999999289 1.2063721441940566947e-08
-0.98999999999999999112 1.2545278364750611644e-08
-0.98799999999999998934 1.3045611368944776132e-08
-0.98599999999999998757 1.3565415957206283792e-08
-0.98399999999999998579 1.410541079424620925e-08
-0.98199999999999998401 1.4666337838642462543e-08
-0.97999999999999998224 1.5248962967340240482e-08
-0.97799999999999998046 1.5854076305249487078e-08
-0.97599999999999997868 1.6482492613822952165e-08
-0.97399999999999997691 1.713505224515410319e-08
-0.97199999999999997513 1.7812620951157542848e-08
-0.96999999999999997335 1.8516090785625216597e-08
-0.96799999999999997158 1.9246379850956785162e-08
-0.9659999999999999698 2.0004433824716283397e-08
-0.96399999999999996803 2.0791224630833937681e-08
-0.96199999999999996625 2.160775211534904372e-08
-0.95999999999999996447 2.2455043824365361615e-08
-0.9579999999999999627 2.333415463628973896e-08
-0.95599999999999996092 2.4246167601438273209e-08
-0.95399999999999995914 2.5192193733869494565e-08
-0.95199999999999995737 2.6173372226490076997e-08
-0.94999999999999995559 2.7190869528181949022e-08
-0.94799999999999995381 2.8245880523414257368e-08
-0.94599999999999995204 2.9339626832214360519e-08
-0.94399999999999995026 3.0473358059168731415e-08
-0.94199999999999994849 3.1648349843593770458e-08
-0.93999999999999994671 3.2865903817902442086e-08
-0.93799999999999994493 3.4127347815771091888e-08
-0.93599999999999994316 3.543403381128795715e-08
-0.9340000000000000524 3.6787337315269397209e-08
-0.93200000000000005063 3.818865697280404703e-08
-0.93000000000000004885 3.9639412793834871707e-08
-0.92800000000000004707 4.1141044820891536915e-08
-0.9260000000000000453 4.2695011262527948759e-08
-0.92400000000000004352 4.4302787438610380377e-08
-0.92200000000000004174 4.5965863212926727499e-08
-0.92000000000000003997 4.7685742063374725319e-08
-0.91800000000000003819 4.946393598881382303e-08
-0.91600000000000003642 5.1301967937678050191e-08
-0.91400000000000003464 5.3201363009458546571e-08
-0.91200000000000003286 5.5163649342881981852e-08
-0.91000000000000003109 5.7190355076675025714e-08
-0.90800000000000002931 5.9283003631116493182e-08
-0.90600000000000002753 6.1443107463032831106e-08
-0.90400000000000002576 6.3672170924622406574e-08
-0.90200000000000002398 6.5971679327758714351e-08
-0.9000000000000000222 6.8343098597045681686e-08
-0.89800000000000002043 7.0787866540689137196e-08
-0.89600000000000001865 7.3307393849697533028e-08
-0.89400000000000001688 7.5903053925463481733e-08
-0.8920000000000000151 7.8576177064970664787e-08
-0.89000000000000001332 8.132805051630498383e-08
-0.88800000000000001155 8.4159905128222689541e-08
-0.88600000000000000977 8.7072914295438508248e-08
-0.88400000000000000799 9.0068186880953859941e-08
-0.88200000000000000622 9.3146758028961329501e-08
-0.88000000000000000444 9.6309585362330807357e-08
-0.87800000000000000266 9.955754171064867819e-08
-0.87600000000000000089 1.0289140589536671655e-07
-0.87399999999999999911 1.0631185959342204228e-07
-0.87199999999999999734 1.098194777060523819e-07
-0.86999999999999999556 1.1341471903292266177e-07
-0.86799999999999999378 1.1709792671621421789e-07
-0.86599999999999999201 1.2086931344690299284e-07
-0.86399999999999999023 1.2472895846715736923e-07
-0.86199999999999998845 1.2867680088124444637e-07
-0.85999999999999998668 1.3271263199499117036e-07
-0.8579999999999999849 1.3683608907077982053e-07
-0.85599999999999998312 1.4104665452263631664e-07
-0.85399999999999998135 1.4534364101148611326e-07
-0.85199999999999997957 1.4972619305497758546e-07
-0.8499999999999999778 1.5419328414090216484e-07
-0.84799999999999997602 1.5874370606905330305e-07
-0.84599999999999997424 1.6337607355865202408e-07
-0.84399999999999997247 1.6808881408980624883e-07
-0.84199999999999997069 1.7288016984640108831e-07
-0.83999999999999996891 1.7774819766058769233e-07
-0.83799999999999996714 1.8269076479393575596e-07
-0.83599999999999996536 1.8770555731961735546e-07
-0.83399999999999996358 1.927900645792846035e-07
-0.83199999999999996181 1.9794160865949095296e-07
-0.82999999999999996003 2.0315731719122709364e-07
-0.82799999999999995826 2.0843415071691850926e-07
-0.82599999999999995648 2.1376889425273049028e-07
-0.8239999999999999547 2.1915817194351205899e-07
-0.82199999999999995293 2.2459844950528662366e-07
-0.81999999999999995115 2.3008604305152502434e-07
-0.81799999999999994937 2.356171266981732515e-07
-0.8159999999999999476 2.4118774466508341447e-07
-0.81399999999999994582 2.4679382143455441678e-07
-0.81199999999999994404 2.5243117190987263143e-07
-0.80999999999999994227 2.5809551418287668412e-07
-0.80800000000000005151 2.6378247874880855761e-07
-0.80600000000000004974 2.694876298781068158e-07
-0.80400000000000004796 2.7520647138956633171e-07
-0.80200000000000004619 2.809344650245293451e-07
-0.80000000000000004441 2.8666704116053765006e-07
-0.79800000000000004263 2.9239961807370207225e-07
-0.79600000000000004086 2.9812761126457587579e-07
-0.79400000000000003908 3.0384645288705769417e-07
-0.7920000000000000373 3.0955160634782430407e-07
-0.79000000000000003553 3.1523857180193459726e-07
-0.78800000000000003375 3.2090291146591454208e-07
-0.78600000000000003197 3.2654026127509894195e-07
-0.7840000000000000302 3.3214634054257174967e-07
-0.78200000000000002842 3.3771695873152651757e-07
-0.78000000000000002665 3.4324804221164129103e-07
-0.77800000000000002487 3.4873563270476637399e-07
-0.77600000000000002309 3.5417591137676396329e-07
-0.77400000000000002132 3.5956518784630020491e-07
-0.77200000000000001954 3.6489993304744672287e-07
-0.77000000000000001776 3.701767680164280705e-07
-0.76800000000000001599 3.7539247710327572349e-07
-0.76600000000000001421 3.8054401862996911632e-07
-0.76400000000000001243 3.8562852877621622838e-07
-0.76200000000000001066 3.9064331969207444217e-07
-0.76000000000000000888 3.9558589048915848707e-07
-0.75800000000000000711 4.0045391580534328568e-07
-0.75600000000000000533 4.0524527078478200792e-07
-0.75400000000000000355 4.0995801231513695484e-07
-0.75200000000000000178 4.1459037847246804631e-07
-0.75 4.191407992903961599e-07
-0.74799999999999999822 4.2360789398454556931e-07
-0.74599999999999999645 4.2799044186470069917e-07
-0.74399999999999999467 4.3228743018541848642e-07
-0.74199999999999999289 4.3649799497114116775e-07
-0.73999999999999999112 4.4062145354573090117e-07
-0.73799999999999998934 4.4465728532561143993e-07
-0.73599999999999998757 4.4860512826705445377e-07
-0.73399999999999998579 4.5246476920723921467e-07
-0.73199999999999998401 4.5623615774204040463e-07
-0.72999999999999998224 4.5991936548084311198e-07
-0.72799999999999998046 4.635146081399810214e-07
-0.72599999999999997868 4.6702222133987447705e-07
-0.72399999999999997691 4.7044267792450966681e-07
-0.72199999999999997513 4.7377654222025000763e-07
-0.71999999999999997335 4.7702450078901392772e-07
-0.71799999999999997158 4.8018732734522728833e-07
-0.7159999999999999698 4.832658970777004015e-07
-0.71399999999999996803 4.8626116899708193841e-07
-0.71199999999999996625 4.8917417727611933742e-07
-0.70999999999999996447 4.92006034136238668e-07
-0.7079999999999999627 4.9475791019659709491e-07
-0.70599999999999996092 4.9743102970012387232e-07
-0.70399999999999995914 5.0002668894322255255e-07
-0.70199999999999995737 5.0254621641876440208e-07
-0.69999999999999995559 5.0499098902534456101e-07
-0.69799999999999995381 5.0736240386761721766e-07
-0.69599999999999995204 5.0966191500467772357e-07
-0.69399999999999995026 5.1189097749482215249e-07
-0.69199999999999994849 5.1405107948099271198e-07
-0.68999999999999994671 5.1614372875707914545e-07
-0.68799999999999994493 5.1817043555946185052e-07
-0.68599999999999994316 5.2013271845119390946e-07
-0.68399999999999994138 5.2203211642343205767e-07
-0.6819999999999999396 5.2387014748411786513e-07
-0.67999999999999993783 5.2564834562840445642e-07
-0.67800000000000004707 5.2736822198085064883e-07
-0.6760000000000000453 5.2903129521553182713e-07
-0.67400000000000004352 5.3063907212713701256e-07
-0.67200000000000004174 5.3219303886020696837e-07
-0.67000000000000003997 5.3369467190034214354e-07
-0.66800000000000003819 5.3514543085775301279e-07
-0.66600000000000003642 5.3654674625480680561e-07
-0.66400000000000003464 5.3790005172249522047e-07
-0.66200000000000003286 5.3920673581675515607e-07
-0.66000000000000003109 5.4046817821173931407e-07
-0.65800000000000002931 5.4168573349056003963e-07
-0.65600000000000002753 5.4286072936893248198e-07
-0.65400000000000002576 5.4399445581498895308e-07
-0.65200000000000002398 5.4508820424015169692e-07
-0.6500000000000000222 5.461432165398960592e-07
-0.64800000000000002043 5.4716071218319228819e-07
-0.64600000000000001865 5.4814189243135302831e-07
-0.64400000000000001688 5.4908791446983684637e-07
-0.6420000000000000151 5.4999993126525481557e-07
-0.64000000000000001332 5.5087904049511138282e-07
-0.63800000000000001155 5.5172633284250593988e-07
-0.63600000000000000977 5.5254286301931188063e-07
-0.63400000000000000799 5.5332965265275646516e-07
-0.63200000000000000622 5.5408770593956546691e-07
-0.63000000000000000444 5.5481799299261780334e-07
-0.62800000000000000266 5.555214629415772265e-07
-0.62600000000000000089 5.5619903560621963834e-07
-0.62399999999999999911 5.568515887288683075e-07
-0.62199999999999999734 5.5748000626909544053e-07
-0.61999999999999999556 5.580851208941695063e-07
-0.61799999999999999378 5.5866774628654525259e-07
-0.61599999999999999201 5.5922867336910542235e-07
-0.61399999999999999023 5.5976866530915714293e-07
-0.61199999999999998845 5.6028847272848736338e-07
-0.60999999999999998668 5.6078880605880954136e-07
-0.6079999999999999849 5.6127035885644716018e-07
-0.60599999999999998312 5.6173381790536325298e-07
-0.60399999999999998135 5.6217982336015381861e-07
-0.60199999999999997957 5.6260900460625151709e-07
-0.5999999999999999778 5.6302198292446092864e-07
-0.59799999999999997602 5.6341932552772533427e-07
-0.59599999999999997424 5.6380162949398737737e-07
-0.59399999999999997247 5.6416942506576361893e-07
-0.59199999999999997069 5.645232546980238908e-07
-0.58999999999999996891 5.6486362609575735405e-07
-0.58799999999999996714 5.6519104318919488605e-07
-0.58599999999999996536 5.6550597737903274265e-07
-0.58399999999999996358 5.6580889062907147036e-07
-0.58199999999999996181 5.6610023613234972117e-07
-0.57999999999999996003 5.6638044343415572257e-07
-0.57799999999999995826 5.6664991443522438885e-07
-0.57599999999999995648 5.6690906924394823818e-07
-0.5739999999999999547 5.6715828333775419878e-07
-0.57199999999999995293 5.6739793297122531612e-07
-0.56999999999999995115 5.6762837696844314905e-07
-0.56799999999999994937 5.678499632733036151e-07
-0.5659999999999999476 5.6806302395351337964e-07
-0.56399999999999994582 5.6826787597774597316e-07
-0.56199999999999994404 5.6846483775796485816e-07
-0.55999999999999994227 5.6865420383633846768e-07
-0.55799999999999994049 5.6883626375903162398e-07
-0.55599999999999993872 5.6901129796838034736e-07
-0.55399999999999993694 5.6917956481328246809e-07
-0.55200000000000004619 5.693413323015761307e-07
-0.55000000000000004441 5.6949684223983609854e-07
-0.54800000000000004263 5.6964633654565943743e-07
-0.54600000000000004086 5.6979004303681080046e-07
-0.54400000000000003908 5.6992818053824834124e-07
-0.5420000000000000373 5.700609639891496272e-07
-0.54000000000000003553 5.7018860410984473219e-07
-0.53800000000000003375 5.7031128641860107109e-07
-0.53600000000000003197 5.7042921508543287246e-07
-0.5340000000000000302 5.7054255897526218178e-07
-0.53200000000000002842 5.7065150438351253115e-07
-0.53000000000000002665 5.7075621484603544786e-07
-0.52800000000000002487 5.7085686289148895867e-07
-0.52600000000000002309 5.7095359007330870327e-07
-0.52400000000000002132 5.7104655926121239418e-07
-0.52200000000000001954 5.7113591211965797356e-07
-0.52000000000000001776 5.7122178687141200726e-07
-0.51800000000000001599 5.7130431541096982073e-07
-0.51600000000000001421 5.7138363440678574534e-07
-0.51400000000000001243 5.714598602102327618e-07
-0.51200000000000001066 5.7153312127411481924e-07
-0.51000000000000000888 5.7160352606722142355e-07
-0.50800000000000000711 5.7167118339140898797e-07
-0.50600000000000000533 5.7173620759964904892e-07
-0.50400000000000000355 5.717986925057871872e-07
-0.50200000000000000178 5.7185873858500713141e-07
-0.5 5.7191644775578254212e-07
-0.49799999999999999822 5.7197190017621579727e-07
-0.49599999999999999645 5.7202518843890715061e-07
-0.49399999999999999467 5.7207640369316692386e-07
-0.49199999999999999289 5.7212561044295284773e-07
-0.48999999999999999112 5.7217290028166445381e-07
-0.48799999999999998934 5.7221834037779473192e-07
-0.48599999999999998757 5.7226201044535685014e-07
-0.48399999999999998579 5.723039714355948604e-07
-0.48199999999999998401 5.7234429207131398698e-07
-0.47999999999999998224 5.7238303685647196062e-07
-0.47799999999999998046 5.7242026885173658002e-07
-0.47599999999999997868 5.7245604445643749614e-07
-0.47399999999999997691 5.7249042129114968702e-07
-0.47199999999999997513 5.7252345697644813072e-07
-0.46999999999999997335 5.7255520058419051566e-07
-0.46799999999999997158 5.7258569985396690072e-07
-0.4659999999999999698 5.726150084095493753e-07
-0.46399999999999996803 5.7264316977168050471e-07
-0.46199999999999996625 5.7267022923745969365e-07
-0.45999999999999996447 5.7269623077171871728e-07
-0.4579999999999999627 5.727212152306648818e-07
-0.45599999999999996092 5.727452196957472097e-07
-0.45400000000000001465 5.7276828657748524165e-07
-0.45200000000000001288 5.7279045195812727798e-07
-0.4500000000000000111 5.7281174925538635989e-07
-0.44800000000000000933 5.728322095555071769e-07
-0.44600000000000000755 5.7285187571309847954e-07
-0.44400000000000000577 5.7287076582479556919e-07
-0.442000000000000004 5.7288892141293956684e-07
-0.44000000000000000222 5.7290636434892405759e-07
-0.43800000000000000044 5.7292312316548077433e-07
-0.43599999999999999867 5.7293922173240474649e-07
-0.43399999999999999689 5.7295469702012269408e-07
-0.43199999999999999512 5.7296956323948933232e-07
-0.42999999999999999334 5.7298384370518817832e-07
-0.42799999999999999156 5.7299757050266464375e-07
-0.42599999999999998979 5.7301075873095186353e-07
-0.42399999999999998801 5.7302342582055132425e-07
-0.42199999999999998623 5.7303560485610915975e-07
-0.41999999999999998446 5.7304730116669588824e-07
-0.41799999999999998268 5.7305854417322166228e-07
-0.4159999999999999809 5.7306933853862318529e-07
-0.41399999999999997913 5.730797182357250108e-07
-0.41199999999999997735 5.7308968859359765702e-07
-0.40999999999999997558 5.7309926249082820959e-07
-0.4079999999999999738 5.7310847123570596295e-07
-0.40599999999999997202 5.7311731027631651614e-07
-0.40399999999999997025 5.7312580714619087985e-07
-0.40199999999999996847 5.7313397283653699787e-07
-0.39999999999999996669 5.7314181645118367214e-07
-0.39799999999999996492 5.7314935175689640801e-07
-0.39599999999999996314 5.7315659529599827238e-07
-0.39399999999999996136 5.7316355195347057361e-07
-0.3920000000000000151 5.731702368283464466e-07
-0.39000000000000001332 5.7317666046774462529e-07
-0.38800000000000001155 5.7318283186447160915e-07
-0.38600000000000000977 5.7318875779088784839e-07
-0.38400000000000000799 5.7319446034043153304e-07
-0.38200000000000000622 5.7319993218563070059e-07
-0.38000000000000000444 5.7320519120107604749e-07
-0.37800000000000000266 5.732102422717488821e-07
-0.37600000000000000089 5.7321509894237010485e-07
-0.37399999999999999911 5.7321976210111813543e-07
-0.37199999999999999734 5.7322424451555775704e-07
-0.36999999999999999556 5.7322855251396021004e-07
-0.36799999999999999378 5.7323268609632549442e-07
-0.36599999999999999201 5.7323666213804358449e-07
-0.36399999999999999023 5.7324048208240441227e-07
-0.36199999999999998845 5.7324415325687994027e-07
-0.35999999999999998668 5.7324768054645147686e-07
-0.3579999999999999849 5.7325106184169527523e-07
-0.35599999999999998312 5.7325431845889340821e-07
-0.35399999999999998135 5.7325744695635449943e-07
-0.35199999999999997957 5.7326045499461741883e-07
-0.3499999999999999778 5.7326334013119151223e-07
-0.34799999999999997602 5.7326611135888327908e-07
-0.34599999999999997424 5.7326877778152152132e-07
-0.34399999999999997247 5.7327133928808393648e-07
-0.34199999999999997069 5.7327379976435111075e-07
-0.33999999999999996891 5.7327616143076909339e-07
-0.33799999999999996714 5.7327843316912208138e-07
-0.33599999999999996536 5.7328061475736546981e-07
-0.33399999999999996358 5.7328271552137266553e-07
-0.33199999999999996181 5.7328472446993572476e-07
-0.32999999999999996003 5.7328666025480146118e-07
-0.32799999999999995826 5.7328852054450152309e-07
-0.32600000000000001199 5.7329030522801360803e-07
-0.32400000000000001021 5.7329202551859026471e-07
-0.32200000000000000844 5.732936705360458518e-07
-0.32000000000000000666 5.732952583770156707e-07
-0.31800000000000000488 5.7329677816131408008e-07
-0.31600000000000000311 5.7329824121321593111e-07
-0.31400000000000000133 5.732996448681859647e-07
-0.31199999999999999956 5.733009981190306803e-07
-0.30999999999999999778 5.733022954146349548e-07
-0.307999999999999996 5.73303541751002399e-07
-0.30599999999999999423 5.7330473557382077843e-07
-0.30399999999999999245 5.7330588998372178366e-07
-0.30199999999999999067 5.7330699632096582263e-07
-0.2999999999999999889 5.7330805691702124705e-07
-0.29799999999999998712 5.7330907921038232189e-07
-0.29599999999999998535 5.7331005809402313389e-07
-0.29399999999999998357 5.733109984529249914e-07
-0.29199999999999998179 5.7331190483900229538e-07
-0.28999999999999998002 5.7331277369954136702e-07
-0.28799999999999997824 5.7331361114076884178e-07
-0.28599999999999997646 5.7331441050134657189e-07
-0.28399999999999997469 5.7331518776848611196e-07
-0.28199999999999997291 5.7331593084075649358e-07
-0.27999999999999997113 5.7331663838589008719e-07
-0.27799999999999996936 5.7331732083998332428e-07
-0.27599999999999996758 5.7331798009041534669e-07
-0.27399999999999996581 5.7331861325060629042e-07
-0.27199999999999996403 5.7331921654579787173e-07
-0.26999999999999996225 5.73319797747551263e-07
-0.26799999999999996048 5.7332035863222330363e-07
-0.2659999999999999587 5.7332089586914491974e-07
-0.26400000000000001243 5.7332141534249814185e-07
-0.26200000000000001066 5.7332190761538726065e-07
-0.26000000000000000888 5.733223902293360652e-07
-0.25800000000000000711 5.7332284986166826002e-07
-0.25600000000000000533 5.7332328684545075248e-07
-0.25400000000000000355 5.7332370961837852974e-07
-0.25200000000000000178 5.7332411973476382627e-07
-0.24999999999999997224 5.7332450786873323523e-07
-0.24799999999999999822 5.7332489045158752106e-07
-0.24599999999999999645 5.7332524372455395678e-07
-0.24399999999999999467 5.7332559144640526938e-07
-0.24199999999999999289 5.7332592640069179879e-07
-0.23999999999999999112 5.7332624503469986621e-07
-0.23799999999999998934 5.733265519003438726e-07
-0.23599999999999998757 5.7332684877398065737e-07
-0.23399999999999998579 5.7332713343516417126e-07
-0.23199999999999998401 5.7332740333038145764e-07
-0.22999999999999998224 5.7332766600914908395e-07
-0.22799999999999998046 5.7332791847386488371e-07
-0.22599999999999997868 5.7332815595056985103e-07
-0.22399999999999997691 5.7332839409340863313e-07
-0.22199999999999997513 5.7332861236325527443e-07
-0.21999999999999997335 5.7332882852367816895e-07
-0.21799999999999997158 5.7332903768969600833e-07
-0.2159999999999999698 5.7332923564246129899e-07
-0.21399999999999999578 5.7332942671184383698e-07
-0.211999999999999994 5.7332960545775080163e-07
-0.20999999999999999223 5.7332978165014480965e-07
-0.20799999999999999045 5.7332995073711146006e-07
-0.20599999999999998868 5.7333011138638312332e-07
-0.2039999999999999869 5.7333026637351736099e-07
-0.20199999999999998512 5.733304212496292962e-07
-0.19999999999999998335 5.7333056358022105314e-07
-0.19799999999999998157 5.7333069791720703279e-07
-0.19599999999999997979 5.7333083247623761736e-07
-0.19399999999999997802 5.7333095992984084432e-07
-0.19199999999999997624 5.7333107927881599153e-07
-0.18999999999999997446 5.733311960742781821e-07
-0.18799999999999997269 5.7333131175951734804e-07
-0.18599999999999997091 5.7333142278181981055e-07
-0.18399999999999999689 5.7333152669869491547e-07
-0.18199999999999999512 5.7333162561956640957e-07
-0.17999999999999999334 5.7333172120976882979e-07
-0.17799999999999999156 5.7333181124885612689e-07
-0.17599999999999998979 5.733319030643002634e-07
-0.17399999999999998801 5.7333198855147315953e-07
-0.17199999999999998623 5.7333206848753093254e-07
-0.16999999999999998446 5.7333214864563331048e-07
-0.16799999999999998268 5.7333222513999970715e-07
-0.1659999999999999809 5.7333229230849269698e-07
-0.16399999999999997913 5.7333236702650225425e-07
-0.16199999999999997735 5.7333243386192833668e-07
-0.15999999999999997558 5.733324992540644871e-07
-0.1579999999999999738 5.7333255876201860701e-07
-0.15599999999999997202 5.7333261993530726386e-07
-0.15399999999999997025 5.7333267455828007542e-07
-0.15199999999999996847 5.7333273217885505346e-07
-0.14999999999999999445 5.7333278602467174778e-07
-0.14799999999999999267 5.7333283443039562144e-07
-0.1459999999999999909 5.7333288527861014927e-07
-0.14399999999999998912 5.7333293179695488107e-07
-0.14199999999999998734 5.7333297798223270547e-07
-0.13999999999999998557 5.7333301717310547474e-07
-0.13799999999999998379 5.7333306280327178683e-07
-0.13599999999999998201 5.7333310277130067334e-07
-0.13399999999999998024 5.7333313607799141209e-07
-0.13199999999999997846 5.7333317682317641584e-07
-0.12999999999999997669 5.7333321179520169153e-07
-0.12799999999999997491 5.7333324521291473275e-07
-0.12599999999999997313 5.7333327896369468135e-07
-0.12399999999999998523 5.7333331004993937086e-07
-0.12199999999999998346 5.7333333780551498648e-07
-0.11999999999999998168 5.7333336245246613316e-07
-0.1179999999999999799 5.7333339364973312513e-07
-0.11599999999999997813 5.7333341985099650628e-07
-0.11399999999999997635 5.7333345016008507855e-07
-0.11199999999999998845 5.733334710322779415e-07
-0.10999999999999998668 5.7333349745558592758e-07
-0.1079999999999999849 5.733335193269795127e-07
-0.10599999999999998312 5.7333353831179323379e-07
-0.10399999999999998135 5.7333356096034293614e-07
-0.10199999999999997957 5.7333358050026816954e-07
-0.099999999999999977796 5.7333359915201498325e-07
-0.097999999999999976019 5.7333361436207042061e-07
-0.095999999999999974243 5.7333363034928197521e-07
-0.093999999999999986344 5.7333365055534102339e-07
-0.091999999999999984568 5.7333366865197632478e-07
-0.089999999999999982792 5.7333368108647420058e-07
-0.087999999999999981015 5.7333369885004259459e-07
-0.085999999999999979239 5.73333710951473563e-07
-0.083999999999999977462 5.7333372349699374126e-07
-0.081999999999999975686 5.7333373959522759833e-07
-0.079999999999999987788 5.7333375036439093719e-07
-0.077999999999999986011 5.7333376202173269576e-07
-0.075999999999999984235 5.7333377312396294201e-07
-0.073999999999999982458 5.7333378622459463259e-07
-0.071999999999999980682 5.7333379466228961974e-07
-0.069999999999999978906 5.7333380765189900785e-07
-0.067999999999999977129 5.7333381664470550731e-07
-0.065999999999999975353 5.7333382619262351909e-07
-0.063999999999999973577 5.7333383607360843826e-07
-0.061999999999999978739 5.7333384206881277123e-07
-0.059999999999999983902 5.733338528379761101e-07
-0.057999999999999982125 5.7333385983238116523e-07
-0.055999999999999980349 5.7333386671576391791e-07
-0.053999999999999978573 5.7333387093461141149e-07
-0.051999999999999976796 5.733338803715071208e-07
-0.049999999999999981959 5.7333388547853303407e-07
-0.047999999999999980183 5.7333388803204599071e-07
-0.045999999999999978406 5.733338972468970951e-07
-0.043999999999999983569 5.733339016877891936e-07
-0.041999999999999981792 5.7333390746094892165e-07
-0.039999999999999980016 5.7333391301206404478e-07
-0.03799999999999997824 5.7333391267899713739e-07
-0.035999999999999976463 5.7333391756397844574e-07
-0.033999999999999981626 5.7333392000646909992e-07
-0.031999999999999979849 5.7333392722291875998e-07
-0.029999999999999978073 5.7333392877723099446e-07
-0.027999999999999979766 5.7333393344016769788e-07
-0.025999999999999981459 5.7333393832514900623e-07
-0.023999999999999979683 5.7333394520853175891e-07
-0.021999999999999977907 5.7333394432035333921e-07
-0.0199999999999999796 5.733339446534202466e-07
-0.017999999999999981293 5.7333394953840155495e-07
-0.015999999999999979516 5.7333395009351306726e-07
-0.013999999999999979475 5.7333394865022313525e-07
-0.011999999999999979433 5.733339517588476042e-07
-0.0099999999999999793915 5.7333394987146846233e-07
-0.0079999999999999793499 5.7333395575565049285e-07
-0.0059999999999999793082 5.7333395631076200516e-07
-0.0039999999999999792666 5.7333395420133825837e-07
-0.001999999999999979225 5.7333395642178430762e-07
2.0816681711721685133e-17 5.7333395309111523375e-07
0.0020000000000000208583 5.7333395642178430762e-07
0.0040000000000000208999 5.7333395420133825837e-07
0.0060000000000000209416 5.7333395631076200516e-07
0.0080000000000000209832 5.7333395575565049285e-07
0.010000000000000021025 5.7333394987146846233e-07
0.012000000000000021066 5.733339517588476042e-07
0.014000000000000021108 5.7333394865022313525e-07
0.01600000000000002115 5.7333395009351306726e-07
0.018000000000000022926 5.7333394953840155495e-07
0.020000000000000021233 5.733339446534202466e-07
0.02200000000000001954 5.7333394432035333921e-07
0.024000000000000021316 5.7333394520853175891e-07
0.026000000000000023093 5.7333393832514900623e-07
0.0280000000000000214 5.7333393344016769788e-07
0.030000000000000019706 5.7333392877723099446e-07
0.032000000000000021483 5.7333392722291875998e-07
0.034000000000000023259 5.7333392000646909992e-07
0.036000000000000018097 5.7333391756397844574e-07
0.038000000000000019873 5.7333391267899713739e-07
0.040000000000000021649 5.7333391301206404478e-07
0.042000000000000023426 5.7333390746094892165e-07
0.044000000000000025202 5.733339016877891936e-07
0.04600000000000002004 5.733338972468970951e-07
0.048000000000000021816 5.7333388803204599071e-07
0.050000000000000023592 5.7333388547853303407e-07
0.05200000000000001843 5.733338803715071208e-07
0.054000000000000020206 5.7333387093461141149e-07
0.056000000000000021982 5.7333386671576391791e-07
0.058000000000000023759 5.7333385983238116523e-07
0.060000000000000025535 5.733338528379761101e-07
0.062000000000000020373 5.7333384206881277123e-07
0.064000000000000029088 5.7333383607360843826e-07
0.066000000000000016986 5.7333382619262351909e-07
0.068000000000000018763 5.7333381664470550731e-07
0.070000000000000020539 5.7333380765189900785e-07
0.072000000000000022315 5.7333379466228961974e-07
0.074000000000000024092 5.7333378622459463259e-07
0.076000000000000025868 5.7333377312396294201e-07
0.078000000000000027645 5.7333376202173269576e-07
0.080000000000000015543 5.7333375036439093719e-07
0.082000000000000017319 5.7333373959522759833e-07
0.084000000000000019096 5.7333372349699374126e-07
0.086000000000000020872 5.73333710951473563e-07
0.088000000000000022649 5.7333369885004259459e-07
0.090000000000000024425 5.7333368108647420058e-07
0.092000000000000026201 5.7333366865197632478e-07
0.094000000000000027978 5.7333365055534102339e-07
0.096000000000000029754 5.7333363034928197521e-07
0.098000000000000017653 5.7333361436207042061e-07
0.10000000000000001943 5.7333359915201498325e-07
0.10200000000000002121 5.7333358050026816954e-07
0.10400000000000002298 5.7333356096034293614e-07
0.10600000000000002476 5.7333353831179323379e-07
0.10800000000000002653 5.733335193269795127e-07
0.11000000000000002831 5.7333349745558592758e-07
0.11200000000000001621 5.733334710322779415e-07
0.11400000000000001799 5.7333345016008507855e-07
0.11600000000000001976 5.7333341985099650628e-07
0.11800000000000002154 5.7333339364973312513e-07
0.12000000000000002331 5.7333336245246613316e-07
0.12200000000000002509 5.7333333780551498648e-07
0.12400000000000002687 5.7333331004993937086e-07
0.12600000000000002864 5.7333327896369468135e-07
0.12800000000000003042 5.7333324521291473275e-07
0.1300000000000000322 5.7333321179520169153e-07
0.13200000000000003397 5.7333317682317641584e-07
0.13400000000000003575 5.7333313607799141209e-07
0.13600000000000000977 5.7333310277130067334e-07
0.13800000000000001155 5.7333306280327178683e-07
0.14000000000000001332 5.7333301717310547474e-07
0.1420000000000000151 5.7333297798223270547e-07
0.14400000000000001688 5.7333293179695488107e-07
0.14600000000000001865 5.7333288527861014927e-07
0.14800000000000002043 5.7333283443039562144e-07
0.1500000000000000222 5.7333278602467174778e-07
0.15200000000000002398 5.7333273217885505346e-07
0.15400000000000002576 5.7333267455828007542e-07
0.15600000000000002753 5.7333261993530726386e-07
0.15800000000000002931 5.7333255876201860701e-07
0.16000000000000003109 5.733324992540644871e-07
0.16200000000000003286 5.7333243386192833668e-07
0.16400000000000003464 5.7333236702650225425e-07
0.16600000000000003642 5.7333229230849269698e-07
0.16800000000000003819 5.7333222513999970715e-07
0.17000000000000001221 5.7333214864563331048e-07
0.17200000000000001399 5.7333206848753093254e-07
0.17400000000000001577 5.7333198855147315953e-07
0.17600000000000001754 5.733319030643002634e-07
0.17800000000000001932 5.7333181124885612689e-07
0.18000000000000002109 5.7333172120976882979e-07
0.18200000000000002287 5.7333162561956640957e-07
0.18400000000000002465 5.7333152669869491547e-07
0.18600000000000002642 5.7333142278181981055e-07
0.1880000000000000282 5.7333131175951734804e-07
0.19000000000000002998 5.733311960742781821e-07
0.19200000000000003175 5.7333107927881599153e-07
0.19400000000000003353 5.7333095992984084432e-07
0.19600000000000003531 5.7333083247623761736e-07
0.19800000000000003708 5.7333069791720703279e-07
0.2000000000000000111 5.7333056358022105314e-07
0.20200000000000001288 5.733304212496292962e-07
0.20400000000000001465 5.7333026637351736099e-07
0.20600000000000001643 5.7333011138638312332e-07
0.20800000000000001821 5.7332995073711146006e-07
0.21000000000000001998 5.7332978165014480965e-07
0.21200000000000002176 5.7332960545775080163e-07
0.21400000000000002354 5.7332942671184383698e-07
0.21600000000000002531 5.7332923564246129899e-07
0.21800000000000002709 5.7332903768969600833e-07
0.22000000000000002887 5.7332882852367816895e-07
0.22200000000000003064 5.7332861236325527443e-07
0.22400000000000003242 5.7332839409340863313e-07
0.22600000000000003419 5.7332815595056985103e-07
0.22800000000000003597 5.7332791847386488371e-07
0.23000000000000003775 5.7332766600914908395e-07
0.23200000000000003952 5.7332740333038145764e-07
0.23400000000000001354 5.7332713343516417126e-07
0.23600000000000001532 5.7332684877398065737e-07
0.2380000000000000171 5.733265519003438726e-07
0.24000000000000001887 5.7332624503469986621e-07
0.24200000000000002065 5.7332592640069179879e-07
0.24400000000000002243 5.7332559144640526938e-07
0.2460000000000000242 5.7332524372455395678e-07
0.24800000000000002598 5.7332489045158752106e-07
0.25 5.7332450786873323523e-07
0.25200000000000000178 5.7332411973476382627e-07
0.25400000000000000355 5.7332370961837852974e-07
0.25600000000000000533 5.7332328684545075248e-07
0.25800000000000000711 5.7332284986166826002e-07
0.26000000000000000888 5.733223902293360652e-07
0.26200000000000001066 5.7332190761538726065e-07
0.26400000000000001243 5.7332141534249814185e-07
0.26600000000000001421 5.7332089586914491974e-07
0.26800000000000001599 5.7332035863222330363e-07
0.27000000000000001776 5.73319797747551263e-07
0.27200000000000001954 5.7331921654579787173e-07
0.27400000000000002132 5.7331861325060629042e-07
0.27600000000000002309 5.7331798009041534669e-07
0.27800000000000002487 5.7331732083998332428e-07
0.28000000000000002665 5.7331663838589008719e-07
0.28200000000000002842 5.7331593084075649358e-07
0.2840000000000000302 5.7331518776848611196e-07
0.28600000000000003197 5.7331441050134657189e-07
0.28800000000000003375 5.7331361114076884178e-07
0.29000000000000003553 5.7331277369954136702e-07
0.2920000000000000373 5.7331190483900229538e-07
0.29400000000000003908 5.733109984529249914e-07
0.29600000000000004086 5.7331005809402313389e-07
0.29800000000000004263 5.7330907921038232189e-07
0.30000000000000004441 5.7330805691702124705e-07
0.30200000000000004619 5.7330699632096582263e-07
0.30400000000000004796 5.7330588998372178366e-07
0.30600000000000004974 5.7330473557382077843e-07
0.30800000000000005151 5.73303541751002399e-07
0.31000000000000005329 5.733022954146349548e-07
0.31200000000000005507 5.733009981190306803e-07
0.31400000000000000133 5.732996448681859647e-07
0.31600000000000000311 5.7329824121321593111e-07
0.31800000000000000488 5.7329677816131408008e-07
0.32000000000000000666 5.732952583770156707e-07
0.32200000000000000844 5.732936705360458518e-07
0.32400000000000001021 5.7329202551859026471e-07
0.32600000000000001199 5.7329030522801360803e-07
0.32800000000000001377 5.7328852054450152309e-07
0.33000000000000001554 5.7328666025480146118e-07
0.33200000000000001732 5.7328472446993572476e-07
0.3340000000000000191 5.7328271552137266553e-07
0.33600000000000002087 5.7328061475736546981e-07
0.33800000000000002265 5.7327843316912208138e-07
0.34000000000000002442 5.7327616143076909339e-07
0.3420000000000000262 5.7327379976435111075e-07
0.34400000000000002798 5.7327133928808393648e-07
0.34600000000000002975 5.7326877778152152132e-07
0.34800000000000003153 5.7326611135888327908e-07
0.35000000000000003331 5.7326334013119151223e-07
0.35200000000000003508 5.7326045499461741883e-07
0.35400000000000003686 5.7325744695635449943e-07
0.35600000000000003864 5.7325431845889340821e-07
0.35800000000000004041 5.7325106184169527523e-07
0.36000000000000004219 5.7324768054645147686e-07
0.36200000000000004396 5.7324415325687994027e-07
0.36400000000000004574 5.7324048208240441227e-07
0.36600000000000004752 5.7323666213804358449e-07
0.36800000000000004929 5.7323268609632549442e-07
0.37000000000000005107 5.7322855251396021004e-07
0.37200000000000005285 5.7322424451555775704e-07
0.37400000000000005462 5.7321976210111813543e-07
0.37600000000000000089 5.7321509894237010485e-07
0.37800000000000000266 5.732102422717488821e-07
0.38000000000000000444 5.7320519120107604749e-07
0.38200000000000000622 5.7319993218563070059e-07
0.38400000000000000799 5.7319446034043153304e-07
0.38600000000000000977 5.7318875779088784839e-07
0.38800000000000001155 5.7318283186447160915e-07
0.39000000000000001332 5.7317666046774462529e-07
0.3920000000000000151 5.731702368283464466e-07
0.39400000000000001688 5.7316355195347057361e-07
0.39600000000000001865 5.7315659529599827238e-07
0.39800000000000002043 5.7314935175689640801e-07
0.4000000000000000222 5.7314181645118367214e-07
0.40200000000000002398 5.7313397283653699787e-07
0.40400000000000002576 5.7312580714619087985e-07
0.40600000000000002753 5.7311731027631651614e-07
0.40800000000000002931 5.7310847123570596295e-07
0.41000000000000003109 5.7309926249082820959e-07
0.41200000000000003286 5.7308968859359765702e-07
0.41400000000000003464 5.730797182357250108e-07
0.41600000000000003642 5.7306933853862318529e-07
0.41800000000000003819 5.7305854417322166228e-07
0.42000000000000003997 5.7304730116669588824e-07
0.42200000000000004174 5.7303560485610915975e-07
0.42400000000000004352 5.7302342582055132425e-07
0.4260000000000000453 5.7301075873095186353e-07
0.42800000000000004707 5.7299757050266464375e-07
0.43000000000000004885 5.7298384370518817832e-07
0.43200000000000005063 5.7296956323948933232e-07
0.4340000000000000524 5.7295469702012269408e-07
0.43600000000000005418 5.7293922173240474649e-07
0.43800000000000005596 5.7292312316548077433e-07
0.44000000000000005773 5.7290636434892405759e-07
0.442000000000000004 5.7288892141293956684e-07
0.44400000000000000577 5.7287076582479556919e-07
0.44600000000000000755 5.7285187571309847954e-07
0.44800000000000000933 5.728322095555071769e-07
0.4500000000000000111 5.7281174925538635989e-07
0.45200000000000001288 5.7279045195812727798e-07
0.45400000000000001465 5.7276828657748524165e-07
0.45600000000000001643 5.727452196957472097e-07
0.45800000000000001821 5.727212152306648818e-07
0.46000000000000001998 5.7269623077171871728e-07
0.46200000000000002176 5.7267022923745969365e-07
0.46400000000000002354 5.7264316977168050471e-07
0.46600000000000002531 5.726150084095493753e-07
0.46800000000000002709 5.7258569985396690072e-07
0.47000000000000002887 5.7255520058419051566e-07
0.47200000000000003064 5.7252345697644813072e-07
0.47400000000000003242 5.7249042129114968702e-07
0.47600000000000003419 5.7245604445643749614e-07
0.47800000000000003597 5.7242026885173658002e-07
0.48000000000000003775 5.7238303685647196062e-07
0.48200000000000003952 5.7234429207131398698e-07
0.4840000000000000413 5.723039714355948604e-07
0.48600000000000004308 5.7226201044535685014e-07
0.48800000000000004485 5.7221834037779473192e-07
0.49000000000000004663 5.7217290028166445381e-07
0.49200000000000004841 5.7212561044295284773e-07
0.49400000000000005018 5.7207640369316692386e-07
0.49600000000000005196 5.7202518843890715061e-07
0.49800000000000005373 5.7197190017621579727e-07
0.5 5.7191644775578254212e-07
0.50200000000000000178 5.7185873858500713141e-07
0.50400000000000000355 5.717986925057871872e-07
0.50600000000000000533 5.7173620759964904892e-07
0.50800000000000000711 5.7167118339140898797e-07
0.51000000000000000888 5.7160352606722142355e-07
0.51200000000000001066 5.7153312127411481924e-07
0.51400000000000001243 5.714598602102327618e-07
0.51600000000000001421 5.7138363440678574534e-07
0.51800000000000001599 5.7130431541096982073e-07
0.52000000000000001776 5.7122178687141200726e-07
0.52200000000000001954 5.7113591211965797356e-07
0.52400000000000002132 5.7104655926121239418e-07
0.52600000000000002309 5.7095359007330870327e-07
0.52800000000000002487 5.7085686289148895867e-07
0.53000000000000002665 5.7075621484603544786e-07
0.53200000000000002842 5.7065150438351253115e-07
0.5340000000000000302 5.7054255897526218178e-07
0.53600000000000003197 5.7042921508543287246e-07
0.53800000000000003375 5.7031128641860107109e-07
0.54000000000000003553 5.7018860410984473219e-07
0.5420000000000000373 5.700609639891496272e-07
0.54400000000000003908 5.6992818053824834124e-07
0.54600000000000004086 5.6979004303681080046e-07
0.54800000000000004263 5.6964633654565943743e-07
0.55000000000000004441 5.6949684223983609854e-07
0.55200000000000004619 5.693413323015761307e-07
0.55400000000000004796 5.6917956481328246809e-07
0.55600000000000004974 5.6901129796838034736e-07
0.55800000000000005151 5.6883626375903162398e-07
0.56000000000000005329 5.6865420383633846768e-07
0.56200000000000005507 5.6846483775796485816e-07
0.56400000000000005684 5.6826787597774597316e-07
0.56600000000000005862 5.6806302395351337964e-07
0.5680000000000000604 5.678499632733036151e-07
0.57000000000000006217 5.6762837696844314905e-07
0.57200000000000006395 5.6739793297122531612e-07
0.57400000000000006573 5.6715828333775419878e-07
0.5760000000000000675 5.6690906924394823818e-07
0.57800000000000006928 5.6664991443522438885e-07
0.58000000000000007105 5.6638044343415572257e-07
0.58200000000000007283 5.6610023613234972117e-07
0.58400000000000007461 5.6580889062907147036e-07
0.58600000000000007638 5.6550597737903274265e-07
0.58800000000000007816 5.6519104318919488605e-07
0.59000000000000007994 5.6486362609575735405e-07
0.59200000000000008171 5.645232546980238908e-07
0.59400000000000008349 5.6416942506576361893e-07
0.59600000000000008527 5.6380162949398737737e-07
0.59800000000000008704 5.6341932552772533427e-07
0.60000000000000008882 5.6302198292446092864e-07
0.60199999999999997957 5.6260900460625151709e-07
0.60399999999999998135 5.6217982336015381861e-07
0.60599999999999998312 5.6173381790536325298e-07
0.6079999999999999849 5.6127035885644716018e-07
0.60999999999999998668 5.6078880605880954136e-07
0.61199999999999998845 5.6028847272848736338e-07
0.61399999999999999023 5.5976866530915714293e-07
0.61599999999999999201 5.5922867336910542235e-07
0.61799999999999999378 5.5866774628654525259e-07
0.61999999999999999556 5.580851208941695063e-07
0.62199999999999999734 5.5748000626909544053e-07
0.62399999999999999911 5.568515887288683075e-07
0.62600000000000000089 5.5619903560621963834e-07
0.62800000000000000266 5.555214629415772265e-07
0.63000000000000000444 5.5481799299261780334e-07
0.63200000000000000622 5.5408770593956546691e-07
0.63400000000000000799 5.5332965265275646516e-07
0.63600000000000000977 5.5254286301931188063e-07
0.63800000000000001155 5.5172633284250593988e-07
0.64000000000000001332 5.5087904049511138282e-07
0.6420000000000000151 5.4999993126525481557e-07
0.64400000000000001688 5.4908791446983684637e-07
0.64600000000000001865 5.4814189243135302831e-07
0.64800000000000002043 5.4716071218319228819e-07
0.6500000000000000222 5.461432165398960592e-07
0.65200000000000002398 5.4508820424015169692e-07
0.65400000000000002576 5.4399445581498895308e-07
0.65600000000000002753 5.4286072936893248198e-07
0.65800000000000002931 5.4168573349056003963e-07
0.66000000000000003109 5.4046817821173931407e-07
0.66200000000000003286 5.3920673581675515607e-07
0.66400000000000003464 5.3790005172249522047e-07
0.66600000000000003642 5.3654674625480680561e-07
0.66800000000000003819 5.3514543085775301279e-07
0.67000000000000003997 5.3369467190034214354e-07
0.67200000000000004174 5.3219303886020696837e-07
0.67400000000000004352 5.3063907212713701256e-07
0.6760000000000000453 5.2903129521553182713e-07
0.67800000000000004707 5.2736822198085064883e-07
0.68000000000000004885 5.2564834562840445642e-07
0.68200000000000005063 5.2387014748411786513e-07
0.6840000000000000524 5.2203211642343205767e-07
0.68600000000000005418 5.2013271845119390946e-07
0.68800000000000005596 5.1817043555946185052e-07
0.69000000000000005773 5.1614372875707914545e-07
0.69200000000000005951 5.1405107948099271198e-07
0.69400000000000006128 5.1189097749482215249e-07
0.69600000000000006306 5.0966191500467772357e-07
0.69800000000000006484 5.0736240386761721766e-07
0.70000000000000006661 5.0499098902534456101e-07
0.70200000000000006839 5.0254621641876440208e-07
0.70400000000000007017 5.0002668894322255255e-07
0.70600000000000007194 4.9743102970012387232e-07
0.70800000000000007372 4.9475791019659709491e-07
0.7100000000000000755 4.92006034136238668e-07
0.71200000000000007727 4.8917417727611933742e-07
0.71400000000000007905 4.8626116899708193841e-07
0.71600000000000008082 4.832658970777004015e-07
0.7180000000000000826 4.8018732734522728833e-07
0.72000000000000008438 4.7702450078901392772e-07
0.72200000000000008615 4.7377654222025000763e-07
0.72400000000000008793 4.7044267792450966681e-07
0.72600000000000008971 4.6702222133987447705e-07
0.72799999999999998046 4.635146081399810214e-07
0.72999999999999998224 4.5991936548084311198e-07
0.73199999999999998401 4.5623615774204040463e-07
0.73399999999999998579 4.5246476920723921467e-07
0.73599999999999998757 4.4860512826705445377e-07
0.73799999999999998934 4.4465728532561143993e-07
0.73999999999999999112 4.4062145354573090117e-07
0.74199999999999999289 4.3649799497114116775e-07
0.74399999999999999467 4.3228743018541848642e-07
0.74599999999999999645 4.2799044186470069917e-07
0.74799999999999999822 4.2360789398454556931e-07
0.75 4.191407992903961599e-07
0.75200000000000000178 4.1459037847246804631e-07
0.75400000000000000355 4.0995801231513695484e-07
0.75600000000000000533 4.0524527078478200792e-07
0.75800000000000000711 4.0045391580534328568e-07
0.76000000000000000888 3.9558589048915848707e-07
0.76200000000000001066 3.9064331969207444217e-07
0.76400000000000001243 3.8562852877621622838e-07
0.76600000000000001421 3.8054401862996911632e-07
0.76800000000000001599 3.7539247710327572349e-07
0.77000000000000001776 3.701767680164280705e-07
0.77200000000000001954 3.6489993304744672287e-07
0.77400000000000002132 3.5956518784630020491e-07
0.77600000000000002309 3.5417591137676396329e-07
0.77800000000000002487 3.4873563270476637399e-07
0.78000000000000002665 3.4324804221164129103e-07
0.78200000000000002842 3.3771695873152651757e-07
0.7840000000000000302 3.3214634054257174967e-07
0.78600000000000003197 3.2654026127509894195e-07
0.78800000000000003375 3.2090291146591454208e-07
0.79000000000000003553 3.1523857180193459726e-07
0.7920000000000000373 3.0955160634782430407e-07
0.79400000000000003908 3.0384645288705769417e-07
0.79600000000000004086 2.9812761126457587579e-07
0.79800000000000004263 2.9239961807370207225e-07
0.80000000000000004441 2.8666704116053765006e-07
0.80200000000000004619 2.809344650245293451e-07
0.80400000000000004796 2.7520647138956633171e-07
0.80600000000000004974 2.694876298781068158e-07
0.80800000000000005151 2.6378247874880855761e-07
0.81000000000000005329 2.5809551418287668412e-07
0.81200000000000005507 2.5243117190987263143e-07
0.81400000000000005684 2.4679382143455441678e-07
0.81600000000000005862 2.4118774466508341447e-07
0.8180000000000000604 2.356171266981732515e-07
0.82000000000000006217 2.3008604305152502434e-07
0.82200000000000006395 2.2459844950528662366e-07
0.82400000000000006573 2.1915817194351205899e-07
0.8260000000000000675 2.1376889425273049028e-07
0.82800000000000006928 2.0843415071691850926e-07
0.83000000000000007105 2.0315731719122709364e-07
0.83200000000000007283 1.9794160865949095296e-07
0.83400000000000007461 1.927900645792846035e-07
0.83600000000000007638 1.8770555731961735546e-07
0.83800000000000007816 1.8269076479393575596e-07
0.84000000000000007994 1.7774819766058769233e-07
0.84200000000000008171 1.7288016984640108831e-07
0.84400000000000008349 1.6808881408980624883e-07
0.84600000000000008527 1.6337607355865202408e-07
0.84800000000000008704 1.5874370606905330305e-07
0.85000000000000008882 1.5419328414090216484e-07
0.85200000000000009059 1.4972619305497758546e-07
0.85400000000000009237 1.4534364101148611326e-07
0.85600000000000009415 1.4104665452263631664e-07
0.8579999999999999849 1.3683608907077982053e-07
0.85999999999999998668 1.3271263199499117036e-07
0.86199999999999998845 1.2867680088124444637e-07
0.86399999999999999023 1.2472895846715736923e-07
0.86599999999999999201 1.2086931344690299284e-07
0.86799999999999999378 1.1709792671621421789e-07
0.86999999999999999556 1.1341471903292266177e-07
0.87199999999999999734 1.098194777060523819e-07
0.87399999999999999911 1.0631185959342204228e-07
0.87600000000000000089 1.0289140589536671655e-07
0.87800000000000000266 9.955754171064867819e-08
0.88000000000000000444 9.6309585362330807357e-08
0.88200000000000000622 9.3146758028961329501e-08
0.88400000000000000799 9.0068186880953859941e-08
0.88600000000000000977 8.7072914295438508248e-08
0.88800000000000001155 8.4159905128222689541e-08
0.89000000000000001332 8.132805051630498383e-08
0.8920000000000000151 7.8576177064970664787e-08
0.89400000000000001688 7.5903053925463481733e-08
0.89600000000000001865 7.3307393849697533028e-08
0.89800000000000002043 7.0787866540689137196e-08
0.9000000000000000222 6.8343098597045681686e-08
0.90200000000000002398 6.5971679327758714351e-08
0.90400000000000002576 6.3672170924622406574e-08
0.90600000000000002753 6.1443107463032831106e-08
0.90800000000000002931 5.9283003631116493182e-08
0.91000000000000003109 5.7190355076675025714e-08
0.91200000000000003286 5.5163649342881981852e-08
0.91400000000000003464 5.3201363009458546571e-08
0.91600000000000003642 5.1301967937678050191e-08
0.91800000000000003819 4.946393598881382303e-08
0.92000000000000003997 4.7685742063374725319e-08
0.92200000000000004174 4.5965863212926727499e-08
0.92400000000000004352 4.4302787438610380377e-08
0.9260000000000000453 4.2695011262527948759e-08
0.92800000000000004707 4.1141044820891536915e-08
0.93000000000000004885 3.9639412793834871707e-08
0.93200000000000005063 3.818865697280404703e-08
0.9340000000000000524 3.6787337315269397209e-08
0.93600000000000005418 3.543403381128795715e-08
0.93800000000000005596 3.4127347815771091888e-08
0.94000000000000005773 3.2865903817902442086e-08
0.94200000000000005951 3.1648349843593770458e-08
0.94400000000000006128 3.0473358059168731415e-08
0.94600000000000006306 2.9339626832214360519e-08
0.94800000000000006484 2.8245880523414257368e-08
0.95000000000000006661 2.7190869528181949022e-08
0.95200000000000006839 2.6173372226490076997e-08
0.95400000000000007017 2.5192193733869494565e-08
0.95600000000000007194 2.4246167601438273209e-08
0.95800000000000007372 2.333415463628973896e-08
0.9600000000000000755 2.2455043824365361615e-08
0.96200000000000007727 2.160775211534904372e-08
0.96400000000000007905 2.0791224630833937681e-08
0.96600000000000008082 2.0004433824716283397e-08
0.9680000000000000826 1.9246379850956785162e-08
0.97000000000000008438 1.8516090785625216597e-08
0.97200000000000008615 1.7812620951157542848e-08
0.97400000000000008793 1.713505224515410319e-08
0.97600000000000008971 1.6482492613822952165e-08
0.97800000000000009148 1.5854076305249487078e-08
0.98000000000000009326 1.5248962967340240482e-08
0.98200000000000009504 1.4666337838642462543e-08
0.98399999999999998579 1.410541079424620925e-08
0.98599999999999998757 1.3565415957206283792e-08
0.98799999999999998934 1.3045611368944776132e-08
0.98999999999999999112 1.2545278364750611644e-08
0.99199999999999999289 1.2063721441940566947e-08
0.99399999999999999467 1.1600266833916572651e-08
0.99599999999999999645 1.1154263040991097e-08
0.99799999999999999822 1.0725079751389143823e-08
1 1.0312107241033929839e-08
