0.025008
-1 0.2117123037339457281
-0.99799999999999999822 0.21431629370045701677
-0.99599999999999999645 0.21671627808587920483
-0.99399999999999999467 0.21903426427977712443
-0.99199999999999999289 0.22132936040251954823
-0.98999999999999999112 0.22361442501211492573
-0.98799999999999998934 0.22590019672743000267
-0.98599999999999998757 0.22819349710058428604
-0.98399999999999998579 0.23049969353048344045
-0.98199999999999998401 0.23281977065428755003
-0.97999999999999998224 0.23515366728454467626
-0.97799999999999998046 0.23750094166827254161
-0.97599999999999997868 0.23986159839361526069
-0.97399999999999997691 0.24223559904268471277
-0.97199999999999997513 0.24462293164791187872
-0.96999999999999997335 0.24702352655803155868
-0.96799999999999997158 0.24943733552963376354
-0.9659999999999999698 0.25186429957975786653
-0.96399999999999996803 0.25430436492592645159
-0.96199999999999996625 0.25675747147146193994
-0.95999999999999996447 0.25922355947763808803
-0.9579999999999999627 0.26170256605017305773
-0.95599999999999996092 0.26419442713660290512
-0.95399999999999995914 0.26669907631882128207
-0.95199999999999995737 0.26921644547289458327
-0.94999999999999995559 0.27174646437515220798
-0.94799999999999995381 0.27428906090469518109
-0.94599999999999995204 0.27684416090625629803
-0.94399999999999995026 0.27941168824699857964
-0.94199999999999994849 0.28199156476385900394
-0.93999999999999994671 0.28458371027318241087
-0.93799999999999994493 0.2871880425452413288
-0.93599999999999994316 0.28980447729871183782
-0.9340000000000000524 0.29243292818387012222
-0.93200000000000005063 0.29507330677210952263
-0.93000000000000004885 0.2977255225418071749
-0.92800000000000004707 0.3003894828661434202
-0.9260000000000000453 0.30306509299973383165
-0.92400000000000004352 0.30575225606586187155
-0.92200000000000004174 0.30845087304334906086
-0.92000000000000003997 0.31116084275365984979
-0.91800000000000003819 0.31388206184797473597
-0.91600000000000003642 0.31661442479446688658
-0.91400000000000003464 0.31935782386572941771
-0.91200000000000003286 0.32211214912649355213
-0.91000000000000003109 0.32487728842165142229
-0.90800000000000002931 0.32765312736468765742
-0.90600000000000002753 0.33043954932658192725
-0.90400000000000002576 0.33323643542525577255
-0.90200000000000002398 0.33604366451564460228
-0.9000000000000000222 0.33886111318047895669
-0.89800000000000002043 0.34168865572184248247
-0.89600000000000001865 0.34452616415360504121
-0.89400000000000001688 0.34737350819480128372
-0.8920000000000000151 0.35023055526403901183
-0.89000000000000001332 0.35309717047503563769
-0.88800000000000001155 0.35597321663334779984
-0.88600000000000000977 0.35885855423439183554
-0.88400000000000000799 0.36175304146284292806
-0.88200000000000000622 0.36465653419348870168
-0.88000000000000000444 0.3675688859936292463
-0.87800000000000000266 0.37048994812710722702
-0.87600000000000000089 0.37341956956004873636
-0.87399999999999999911 0.37635759696840542787
-0.87199999999999999734 0.37930387474736104725
-0.86999999999999999556 0.38225824502270333571
-0.86799999999999999378 0.38522054766421831573
-0.86599999999999999201 0.38819062030118584028
-0.86399999999999999023 0.39116829834004701594
-0.86199999999999998845 0.39415341498430922496
-0.85999999999999998668 0.39714580125673981659
-0.8579999999999999849 0.4001452860239178011
-0.85599999999999998312 0.4031516960231745772
-0.85399999999999998135 0.40616485589198747519
-0.85199999999999997957 0.40918458819984848684
-0.8499999999999999778 0.41221071348265170275
-0.84799999999999997602 0.41524305027961183612
-0.84599999999999997424 0.41828141517271233418
-0.84399999999999997247 0.42132562282872537684
-0.84199999999999997069 0.4243754860437953802
-0.83999999999999996891 0.42743081579060859809
-0.83799999999999996714 0.43049142126807282693
-0.83599999999999996536 0.4335571099534693551
-0.83399999999999996358 0.4366276876570531762
-0.83199999999999996181 0.43970295857907859549
-0.82999999999999996003 0.44278272536932783421
-0.82799999999999995826 0.44586678918911404335
-0.82599999999999995648 0.44895494977569166961
-0.8239999999999999547 0.45204700550889498345
-0.82199999999999995293 0.45514275347965027496
-0.81999999999999995115 0.45824198955984241088
-0.81799999999999994937 0.46134450847305907839
-0.8159999999999999476 0.46445010386605833919
-0.81399999999999994582 0.46755856838146653276
-0.81199999999999994404 0.47066969373255157505
-0.80999999999999994227 0.47378327078060600286
-0.80800000000000005151 0.47689908961438393087
-0.80600000000000004974 0.48001693962982588948
-0.80400000000000004796 0.48313660960800208777
-0.80200000000000004619 0.48625788779030681974
-0.80000000000000004441 0.48938056195190104969
-0.79800000000000004263 0.4925044194758986249
-0.79600000000000004086 0.49562924743090730484
-0.79400000000000003908 0.4987548326529581133
-0.7920000000000000373 0.5018809618308494036
-0.79000000000000003553 0.50500742159254374819
-0.78800000000000003375 0.50813399859026875394
-0.78600000000000003197 0.51126047958300468999
-0.7840000000000000302 0.51438665151635976081
-0.78200000000000002842 0.51751230160053196538
-0.78000000000000002665 0.5206372173871020026
-0.77800000000000002487 0.52376118684495986955
-0.77600000000000002309 0.52688399843524169608
-0.77400000000000002132 0.53000544118498327251
-0.77200000000000001954 0.53312530475918351591
-0.77000000000000001776 0.53624337953117384714
-0.76800000000000001599 0.53935945665124207515
-0.76600000000000001421 0.54247332811346060666
-0.76400000000000001243 0.54558478682070232768
-0.76200000000000001066 0.54869362664774623539
-0.76000000000000000888 0.5517996425024175311
-0.75800000000000000711 0.55490263038471066004
-0.75600000000000000533 0.55800238744384222933
-0.75400000000000000355 0.56109871203321115551
-0.75200000000000000178 0.56419140376325893627
-0.75 0.56728026355219729471
-0.74799999999999999822 0.57036509367460741515
-0.74599999999999999645 0.57344569780791943003
-0.74399999999999999467 0.57652188107675983453
-0.74199999999999999289 0.57959345009521689995
-0.73999999999999999112 0.58266021300701231755
-0.73799999999999998934 0.58572197952363302953
-0.73599999999999998757 0.58877856096045033674
-0.73399999999999998579 0.59182977027086114408
-0.73199999999999998401 0.59487542207851284992
-0.72999999999999998224 0.59791533270763896901
-0.72799999999999998046 0.60094932021157232427
-0.72599999999999997868 0.6039772043994935391
-0.72399999999999997691 0.60699880686146889808
-0.72199999999999997513 0.6100139509918289793
-0.71999999999999997335 0.61302246201097465583
-0.71799999999999997158 0.61602416698565187758
-0.7159999999999999698 0.61901889484776972949
-0.71399999999999996803 0.62200647641183537395
-0.71199999999999996625 0.62498674439104562328
-0.70999999999999996447 0.62795953341213317511
-0.7079999999999999627 0.63092468002901069823
-0.70599999999999996092 0.63388202273528015951
-0.70399999999999995914 0.63683140197567622565
-0.70199999999999995737 0.63977266015649802977
-0.69999999999999995559 0.64270564165509092014
-0.69799999999999995381 0.64563019282843969737
-0.69599999999999995204 0.64854616202091974753
-0.69399999999999995026 0.65145339957127301744
-0.69199999999999994849 0.65435175781884269419
-0.68999999999999994671 0.65724109110913264686
-0.68799999999999994493 0.66012125579871727687
-0.68599999999999994316 0.66299211025957771604
-0.68399999999999994138 0.66585351488286081967
-0.6819999999999999396 0.66870533208213844834
-0.67999999999999993783 0.67154742629618313643
-0.67800000000000004707 0.67437966399130155892
-0.6760000000000000453 0.67720191366324011817
-0.67400000000000004352 0.68001404583871938314
-0.67200000000000004174 0.68281593307659615988
-0.67000000000000003997 0.68560744996869127377
-0.66800000000000003819 0.68838847314029583124
-0.66600000000000003642 0.69115888125038626999
-0.66400000000000003464 0.69391855499154786457
-0.66200000000000003286 0.69666737708964610043
-0.66000000000000003109 0.69940523230322559911
-0.65800000000000002931 0.70213200742268178089
-0.65600000000000002753 0.70484759126919538375
-0.65400000000000002576 0.70755187469343283624
-0.65200000000000002398 0.71024475057404501399
-0.6500000000000000222 0.71292611381593862241
-0.64800000000000002043 0.71559586134834951565
-0.64600000000000001865 0.71825389212269585837
-0.64400000000000001688 0.72090010711024876677
-0.6420000000000000151 0.72353440929958123817
-0.64000000000000001332 0.72615670369382212535
-0.63800000000000001155 0.72876689730771371245
-0.63600000000000000977 0.73136489916445879267
-0.63400000000000000799 0.73395062029236868284
-0.63200000000000000622 0.73652397372130318232
-0.63000000000000000444 0.73908487447890436339
-0.62800000000000000266 0.74163323958662585866
-0.62600000000000000089 0.74416898805553743923
-0.62399999999999999911 0.74669204088193830149
-0.62199999999999999734 0.74920232104272677098
-0.61999999999999999556 0.75169975349057871483
-0.61799999999999999378 0.75418426514889036483
-0.61599999999999999201 0.75665578490649676446
-0.61399999999999999023 0.7591142436121758319
-0.61199999999999998845 0.76155957406892760275
-0.60999999999999998668 0.76399171102800766953
-0.6079999999999999849 0.76641059118275656203
-0.60599999999999998312 0.76881615316218376854
-0.60399999999999998135 0.77120833752432438324
-0.60199999999999997957 0.7735870867493668257
-0.5999999999999999778 0.77595234523255540715
-0.59799999999999997602 0.77830405927684775946
-0.59599999999999997424 0.78064217708535288409
-0.59399999999999997247 0.78296664875354138324
-0.59199999999999997069 0.78527742626121810332
-0.58999999999999996891 0.78757446346427251171
-0.58799999999999996714 0.78985771608620736206
-0.58599999999999996536 0.79212714170943132608
-0.58399999999999996358 0.79438269976634257041
-0.58199999999999996181 0.79662435153018251732
-0.57999999999999996003 0.79885206010567766377
-0.57799999999999995826 0.80106579041946601727
-0.57599999999999995648 0.80326550921029316044
-0.5739999999999999547 0.80545118501903889552
-0.57199999999999995293 0.80762278817849186829
-0.56999999999999995115 0.80978029080294100517
-0.56799999999999994937 0.81192366677757021876
-0.5659999999999999476 0.81405289174764150495
-0.56399999999999994582 0.81616794310749940511
-0.56199999999999994404 0.81826879998935875271
-0.55999999999999994227 0.82035544325193465731
-0.55799999999999994049 0.8224278554688564391
-0.55599999999999993872 0.82448602091692113625
-0.55399999999999993694 0.82652992556416093883
-0.55200000000000004619 0.82855955705772366127
-0.55000000000000004441 0.8305749047116049999
-0.54800000000000004263 0.83257595949417373404
-0.54600000000000004086 0.83456271401557668987
-0.54400000000000003908 0.83653516251493253986
-0.5420000000000000373 0.83849330084739781555
-0.54000000000000003553 0.84043712647106161295
-0.53800000000000003375 0.84236663843368519977
-0.53600000000000003197 0.84428183735929440701
-0.5340000000000000302 0.84618272543461237056
-0.53200000000000002842 0.84806930639536093341
-0.53000000000000002665 0.84994158551239995525
-0.52800000000000002487 0.85179956957774993764
-0.52600000000000002309 0.85364326689043790175
-0.52400000000000002132 0.85547268724225311587
-0.52200000000000001954 0.85728784190333329196
-0.52000000000000001776 0.85908874360764020395
-0.51800000000000001599 0.86087540653829663917
-0.51600000000000001421 0.86264784631280555516
-0.51400000000000001243 0.86440607996814533553
-0.51200000000000001066 0.86615012594573792537
-0.51000000000000000888 0.8678800040763137158
-0.50800000000000000711 0.8695957355646443121
-0.50600000000000000533 0.87129734297417882338
-0.50400000000000000355 0.8729848502115626907
-0.50200000000000000178 0.87465828251105748326
-0.5 0.87631766641884190072
-0.49799999999999999822 0.87796302977723117422
-0.49599999999999999645 0.87959440170878422371
-0.49399999999999999467 0.88121181260032876992
-0.49199999999999999289 0.88281529408687930971
-0.48999999999999999112 0.88440487903547049253
-0.48799999999999998934 0.88598060152891466856
-0.48599999999999998757 0.88754249684947517096
-0.48399999999999998579 0.88909060146243357181
-0.48199999999999998401 0.89062495299961819128
-0.47999999999999998224 0.89214559024282480415
-0.47799999999999998046 0.89365255310720126403
-0.47599999999999997868 0.89514588262453220757
-0.47399999999999997691 0.89662562092647291045
-0.47199999999999997513 0.89809181122773451555
-0.46999999999999997335 0.89954449780918532831
-0.46799999999999997158 0.90098372600092635487
-0.4659999999999999698 0.9024095421652966742
-0.46399999999999996803 0.90382199367983662164
-0.46199999999999996625 0.90522112892021977526
-0.45999999999999996447 0.90660699724311810677
-0.4579999999999999627 0.9079796489690646899
-0.45599999999999996092 0.90933913536524224597
-0.45400000000000001465 0.91068550862829700243
-0.45200000000000001288 0.9120188218670598479
-0.4500000000000000111 0.91333912908531655894
-0.44800000000000000933 0.91464648516449553739
-0.44600000000000000755 0.91594094584638652279
-0.44400000000000000577 0.91722256771582633128
-0.442000000000000004 0.9184914081833768229
-0.44000000000000000222 0.91974752546801619157
-0.43800000000000000044 0.9209909785798130466
-0.43599999999999999867 0.92222182730260460204
-0.43399999999999999689 0.92344013217669740357
-0.43199999999999999512 0.92464595448156250423
-0.42999999999999999334 0.92583935621856461307
-0.42799999999999999156 0.92702040009367858708
-0.42599999999999998979 0.92818914950026543131
-0.42399999999999998801 0.92934566850185562625
-0.42199999999999998623 0.93049002181494899766
-0.41999999999999998446 0.93162227479188719492
-0.41799999999999998268 0.93274249340370640748
-0.4159999999999999809 0.93385074422309233277
-0.41399999999999997913 0.93494709440733592132
-0.41199999999999997735 0.93603161168135118331
-0.40999999999999997558 0.93710436432074462054
-0.4079999999999999738 0.93816542113494216792
-0.40599999999999997202 0.93921485145036376352
-0.40399999999999997025 0.94025272509367230356
-0.40199999999999996847 0.94127911237508810061
-0.39999999999999996669 0.94229408407175019313
-0.39799999999999996492 0.94329771141118023969
-0.39599999999999996314 0.94429006605479282044
-0.39399999999999996136 0.94527122008151254207
-0.3920000000000000151 0.94624124597144154691
-0.39000000000000001332 0.94720021658964625999
-0.38800000000000001155 0.9481482051699953173
-0.38600000000000000977 0.94908528529912206118
-0.38400000000000000799 0.95001153090044532235
-0.38200000000000000622 0.95092701621833142234
-0.38000000000000000444 0.95183181580231202012
-0.37800000000000000266 0.95272600449143141077
-0.37600000000000000089 0.95360965739868852609
-0.37399999999999999911 0.95448284989559195601
-0.37199999999999999734 0.95534565759681899788
-0.36999999999999999556 0.95619815634499993884
-0.36799999999999999378 0.95704042219559370963
-0.36599999999999999201 0.95787253140191963574
-0.36399999999999999023 0.95869456040027045685
-0.36199999999999998845 0.95950658579518277591
-0.35999999999999998668 0.96030868434479121909
-0.3579999999999999849 0.96110093294636933514
-0.35599999999999998312 0.96188340862193466574
-0.35399999999999998135 0.96265618850403356088
-0.35199999999999997957 0.9634193498216419016
-0.3499999999999999778 0.96417296988620559972
-0.34799999999999997602 0.96491712607780133482
-0.34599999999999997424 0.96565189583147470476
-0.34399999999999997247 0.96637735662368451361
-0.34199999999999997069 0.96709358595890271282
-0.33999999999999996891 0.96780066135636177993
-0.33799999999999996714 0.96849866033694786971
-0.33599999999999996536 0.96918766041023785007
-0.33399999999999996358 0.96986773906169210235
-0.33199999999999996181 0.97053897373998387899
-0.32999999999999996003 0.97120144184451451252
-0.32799999999999995826 0.97185522071302443692
-0.32600000000000001199 0.9725003876094189259
-0.32400000000000001021 0.97313701971172461569
-0.32200000000000000844 0.97376519410017381428
-0.32000000000000000666 0.97438498774551263182
-0.31800000000000000488 0.97499647749739581926
-0.31600000000000000311 0.97559974007299832266
-0.31400000000000000133 0.97619485204575751069
-0.31199999999999999956 0.97678188983426728065
-0.30999999999999999778 0.97736092969137922104
-0.307999999999999996 0.97793204769340347227
-0.30599999999999999423 0.97849531972952519254
-0.30399999999999999245 0.97905082149135913561
-0.30199999999999999067 0.9795986284626724272
-0.2999999999999999889 0.98013881590927565135
-0.29799999999999998712 0.98067145886908502206
-0.29599999999999998535 0.98119663214232910597
-0.29399999999999998357 0.98171441028192063527
-0.29199999999999998179 0.98222486758399218942
-0.28999999999999998002 0.98272807807859563489
-0.28799999999999997824 0.98322411552058697204
-0.28599999999999997646 0.98371305338070869073
-0.28399999999999997469 0.98419496483682600285
-0.28199999999999997291 0.9846699227653546993
-0.27999999999999997113 0.98513799973274285282
-0.27799999999999996936 0.98559926798709018847
-0.27599999999999996758 0.98605379944983706508
-0.27399999999999996581 0.98650166570765895901
-0.27199999999999996403 0.98694293800466448285
-0.26999999999999996225 0.98737768723499275136
-0.26799999999999996048 0.98780598393577956351
-0.2659999999999999587 0.9882278982803411882
-0.26400000000000001243 0.98864350007127121955
-0.26200000000000001066 0.98905285873309145561
-0.26000000000000000888 0.98945604330435410478
-0.25800000000000000711 0.98985312242933698457
-0.25600000000000000533 0.99024416434985607083
-0.25400000000000000355 0.99062923689794946114
-0.25200000000000000178 0.99100840749005747465
-0.24999999999999997224 0.99138174312294391477
-0.24799999999999999822 0.99174931037088509544
-0.24599999999999999645 0.99211117538325044318
-0.24399999999999999467 0.99246740388121645893
-0.24199999999999999289 0.99281806115273729674
-0.23999999999999999112 0.99316321204554136592
-0.23799999999999998934 0.99350292095871961529
-0.23599999999999998757 0.99383725183405191572
-0.23399999999999998579 0.99416626814837449899
-0.23199999999999998401 0.99449003290776127884
-0.22999999999999998224 0.99480860864367581797
-0.22799999999999998046 0.99512205741047243812
-0.22599999999999997868 0.99543044078327680424
-0.22399999999999997691 0.99573381985540754258
-0.22199999999999997513 0.9960322552348529479
-0.21999999999999997335 0.99632580703993689486
-0.21799999999999997158 0.9966145348946341409
-0.2159999999999999698 0.99689849792408424811
-0.21399999999999999578 0.9971777547506635031
-0.211999999999999994 0.99745236349065558024
-0.20999999999999999223 0.99772238175133054483
-0.20799999999999999045 0.99798786662807392744
-0.20599999999999998868 0.99824887470143419677
-0.2039999999999999869 0.99850546203409984436
-0.20199999999999998512 0.99875768416793386795
-0.19999999999999998335 0.999005596121318451
-0.19799999999999998157 0.99924925238691508778
-0.19599999999999997979 0.99948870692972635599
-0.19399999999999997802 0.99972401318527648328
-0.19199999999999997624 0.99995522405765591145
-0.18999999999999997446 1.0001823919173715716
-0.18799999999999997269 1.0004055685990236313
-0.18599999999999997091 1.0006248053990745017
-0.18399999999999999689 1.000840153073825789
-0.18199999999999999512 1.0010516618376659181
-0.17999999999999999334 1.0012593813615247029
-0.17799999999999999156 1.0014633607714400476
-0.17599999999999998979 1.0016636486471481859
-0.17399999999999998801 1.0018602930207269885
-0.17199999999999998623 1.0020533413753238694
-0.16999999999999998446 1.0022428406439831683
-0.16799999999999998268 1.0024288372085992105
-0.1659999999999999809 1.0026113768989464159
-0.16399999999999997913 1.0027905049917820168
-0.16199999999999997735 1.0029662662100304882
-0.15999999999999997558 1.0031387047220245989
-0.1579999999999999738 1.0033078641408543774
-0.15599999999999997202 1.0034737875237560445
-0.15399999999999997025 1.0036365173716141896
-0.15199999999999996847 1.0037960956284939229
-0.14999999999999999445 1.0039525636812658416
-0.14799999999999999267 1.004105962359271853
-0.1459999999999999909 1.0042563319340878092
-0.14399999999999998912 1.0044037121193105655
-0.14199999999999998734 1.0045481420704356346
-0.13999999999999998557 1.0046896603847570439
-0.13799999999999998379 1.0048283051013680023
-0.13599999999999998201 1.0049641137011702252
-0.13399999999999998024 1.0050971231069603107
-0.13199999999999997846 1.005227369683549643
-0.12999999999999997669 1.0053548892379577939
-0.12799999999999997491 1.005479717019610808
-0.12599999999999997313 1.0056018877206165385
-0.12399999999999998523 1.0057214354760681818
-0.12199999999999998346 1.0058383938643800093
-0.11999999999999998168 1.0059527959076781656
-0.1179999999999999799 1.0060646740722094528
-0.11599999999999997813 1.0061740602688020729
-0.11399999999999997635 1.0062809858533290353
-0.11199999999999998845 1.0063854816272386206
-0.10999999999999998668 1.0064875778380841798
-0.1079999999999999849 1.0065873041800910137
-0.10599999999999998312 1.0066846897947552275
-0.10399999999999998135 1.00677976327144858
-0.10199999999999997957 1.0068725526480521992
-0.099999999999999977796 1.0069630854116229379
-0.097999999999999976019 1.0070513884990530684
-0.095999999999999974243 1.0071374882977657261
-0.093999999999999986344 1.0072214106464212335
-0.091999999999999984568 1.0073031808356138761
-0.089999999999999982792 1.0073828236086277421
-0.087999999999999981015 1.0074603631621514843
-0.085999999999999979239 1.0075358231470286086
-0.083999999999999977462 1.0076092266690130916
-0.081999999999999975686 1.0076805962895241109
-0.079999999999999987788 1.0077499540264041045
-0.077999999999999986011 1.0078173213546870457
-0.075999999999999984235 1.0078827192073562813
-0.073999999999999982458 1.0079461679761110293
-0.071999999999999980682 1.0080076875121239954
-0.069999999999999978906 1.0080672971268069826
-0.067999999999999977129 1.0081250155925622902
-0.065999999999999975353 1.0081808611435296719
-0.063999999999999973577 1.0082348514763175285
-0.061999999999999978739 1.0082870037507545291
-0.059999999999999983902 1.0083373345906039287
-0.057999999999999982125 1.0083858600842801057
-0.055999999999999980349 1.0084325957855404532
-0.053999999999999978573 1.0084775567141941455
-0.051999999999999976796 1.0085207573567580575
-0.049999999999999981959 1.0085622116671300041
-0.047999999999999980183 1.0086019330672337802
-0.045999999999999978406 1.0086399344476395523
-0.043999999999999983569 1.0086762281681900255
-0.041999999999999981792 1.0087108260585750941
-0.039999999999999980016 1.0087437394189282536
-0.03799999999999997824 1.0087749790203579536
-0.035999999999999976463 1.0088045551054987126
-0.033999999999999981626 1.008832477389011828
-0.031999999999999979849 1.0088587550580814245
-0.029999999999999978073 1.0088833967728838559
-0.027999999999999979766 1.0089064106670191379
-0.025999999999999981459 1.0089278043479432689
-0.023999999999999979683 1.0089475848973608052
-0.021999999999999977907 1.0089657588715803538
-0.0199999999999999796 1.0089823323018776158
-0.017999999999999981293 1.0089973106948071369
-0.015999999999999979516 1.0090106990324831937
-0.013999999999999979475 1.0090225017728566836
-0.011999999999999979433 1.0090327228499433865
-0.0099999999999999793915 1.0090413656740431225
-0.0079999999999999793499 1.009048433131911171
-0.0059999999999999793082 1.0090539275869230273
-0.0039999999999999792666 1.0090578508791772094
-0.001999999999999979225 1.0090602043256067244
2.0816681711721685133e-17 1.0090609887192913963
0.0020000000000000208583 1.0090602043256067244
0.0040000000000000208999 1.0090578508791772094
0.0060000000000000209416 1.0090539275869230273
0.0080000000000000209832 1.009048433131911171
0.010000000000000021025 1.0090413656740431225
0.012000000000000021066 1.0090327228499433865
0.014000000000000021108 1.0090225017728566836
0.01600000000000002115 1.0090106990324831937
0.018000000000000022926 1.0089973106948071369
0.020000000000000021233 1.0089823323018776158
0.02200000000000001954 1.0089657588715803538
0.024000000000000021316 1.0089475848973608052
0.026000000000000023093 1.0089278043479432689
0.0280000000000000214 1.0089064106670191379
0.030000000000000019706 1.0088833967728838559
0.032000000000000021483 1.0088587550580814245
0.034000000000000023259 1.008832477389011828
0.036000000000000018097 1.0088045551054987126
0.038000000000000019873 1.0087749790203579536
0.040000000000000021649 1.0087437394189282536
0.042000000000000023426 1.0087108260585750941
0.044000000000000025202 1.0086762281681900255
0.04600000000000002004 1.0086399344476395523
0.048000000000000021816 1.0086019330672337802
0.050000000000000023592 1.0085622116671300041
0.05200000000000001843 1.0085207573567580575
0.054000000000000020206 1.0084775567141941455
0.056000000000000021982 1.0084325957855404532
0.058000000000000023759 1.0083858600842801057
0.060000000000000025535 1.0083373345906039287
0.062000000000000020373 1.0082870037507545291
0.064000000000000029088 1.0082348514763175285
0.066000000000000016986 1.0081808611435296719
0.068000000000000018763 1.0081250155925622902
0.070000000000000020539 1.0080672971268069826
0.072000000000000022315 1.0080076875121239954
0.074000000000000024092 1.0079461679761110293
0.076000000000000025868 1.0078827192073562813
0.078000000000000027645 1.0078173213546870457
0.080000000000000015543 1.0077499540264041045
0.082000000000000017319 1.0076805962895241109
0.084000000000000019096 1.0076092266690130916
0.086000000000000020872 1.0075358231470286086
0.088000000000000022649 1.0074603631621514843
0.090000000000000024425 1.0073828236086277421
0.092000000000000026201 1.0073031808356138761
0.094000000000000027978 1.0072214106464212335
0.096000000000000029754 1.0071374882977657261
0.098000000000000017653 1.0070513884990530684
0.10000000000000001943 1.0069630854116229379
0.10200000000000002121 1.0068725526480521992
0.10400000000000002298 1.00677976327144858
0.10600000000000002476 1.0066846897947552275
0.10800000000000002653 1.0065873041800910137
0.11000000000000002831 1.0064875778380841798
0.11200000000000001621 1.0063854816272386206
0.11400000000000001799 1.0062809858533290353
0.11600000000000001976 1.0061740602688020729
0.11800000000000002154 1.0060646740722094528
0.12000000000000002331 1.0059527959076781656
0.12200000000000002509 1.0058383938643800093
0.12400000000000002687 1.0057214354760681818
0.12600000000000002864 1.0056018877206165385
0.12800000000000003042 1.005479717019610808
0.1300000000000000322 1.0053548892379577939
0.13200000000000003397 1.005227369683549643
0.13400000000000003575 1.0050971231069603107
0.13600000000000000977 1.0049641137011702252
0.13800000000000001155 1.0048283051013680023
0.14000000000000001332 1.0046896603847570439
0.1420000000000000151 1.0045481420704356346
0.14400000000000001688 1.0044037121193105655
0.14600000000000001865 1.0042563319340878092
0.14800000000000002043 1.004105962359271853
0.1500000000000000222 1.0039525636812658416
0.15200000000000002398 1.0037960956284939229
0.15400000000000002576 1.0036365173716141896
0.15600000000000002753 1.0034737875237560445
0.15800000000000002931 1.0033078641408543774
0.16000000000000003109 1.0031387047220245989
0.16200000000000003286 1.0029662662100304882
0.16400000000000003464 1.0027905049917820168
0.16600000000000003642 1.0026113768989464159
0.16800000000000003819 1.0024288372085992105
0.17000000000000001221 1.0022428406439831683
0.17200000000000001399 1.0020533413753238694
0.17400000000000001577 1.0018602930207269885
0.17600000000000001754 1.0016636486471481859
0.17800000000000001932 1.0014633607714400476
0.18000000000000002109 1.0012593813615247029
0.18200000000000002287 1.0010516618376659181
0.18400000000000002465 1.000840153073825789
0.18600000000000002642 1.0006248053990745017
0.1880000000000000282 1.0004055685990236313
0.19000000000000002998 1.0001823919173715716
0.19200000000000003175 0.99995522405765591145
0.19400000000000003353 0.99972401318527648328
0.19600000000000003531 0.99948870692972635599
0.19800000000000003708 0.99924925238691508778
0.2000000000000000111 0.999005596121318451
0.20200000000000001288 0.99875768416793386795
0.20400000000000001465 0.99850546203409984436
0.20600000000000001643 0.99824887470143419677
0.20800000000000001821 0.99798786662807392744
0.21000000000000001998 0.99772238175133054483
0.21200000000000002176 0.99745236349065558024
0.21400000000000002354 0.9971777547506635031
0.21600000000000002531 0.99689849792408424811
0.21800000000000002709 0.9966145348946341409
0.22000000000000002887 0.99632580703993689486
0.22200000000000003064 0.9960322552348529479
0.22400000000000003242 0.99573381985540754258
0.22600000000000003419 0.99543044078327680424
0.22800000000000003597 0.99512205741047243812
0.23000000000000003775 0.99480860864367581797
0.23200000000000003952 0.99449003290776127884
0.23400000000000001354 0.99416626814837449899
0.23600000000000001532 0.99383725183405191572
0.2380000000000000171 0.99350292095871961529
0.24000000000000001887 0.99316321204554136592
0.24200000000000002065 0.99281806115273729674
0.24400000000000002243 0.99246740388121645893
0.2460000000000000242 0.99211117538325044318
0.24800000000000002598 0.99174931037088509544
0.25 0.99138174312294391477
0.25200000000000000178 0.99100840749005747465
0.25400000000000000355 0.99062923689794946114
0.25600000000000000533 0.99024416434985607083
0.25800000000000000711 0.98985312242933698457
0.26000000000000000888 0.98945604330435410478
0.26200000000000001066 0.98905285873309145561
0.26400000000000001243 0.98864350007127121955
0.26600000000000001421 0.9882278982803411882
0.26800000000000001599 0.98780598393577956351
0.27000000000000001776 0.98737768723499275136
0.27200000000000001954 0.98694293800466448285
0.27400000000000002132 0.98650166570765895901
0.27600000000000002309 0.98605379944983706508
0.27800000000000002487 0.98559926798709018847
0.28000000000000002665 0.98513799973274285282
0.28200000000000002842 0.9846699227653546993
0.2840000000000000302 0.98419496483682600285
0.28600000000000003197 0.98371305338070869073
0.28800000000000003375 0.98322411552058697204
0.29000000000000003553 0.98272807807859563489
0.2920000000000000373 0.98222486758399218942
0.29400000000000003908 0.98171441028192063527
0.29600000000000004086 0.98119663214232910597
0.29800000000000004263 0.98067145886908502206
0.30000000000000004441 0.98013881590927565135
0.30200000000000004619 0.9795986284626724272
0.30400000000000004796 0.97905082149135913561
0.30600000000000004974 0.97849531972952519254
0.30800000000000005151 0.97793204769340347227
0.31000000000000005329 0.97736092969137922104
0.31200000000000005507 0.97678188983426728065
0.31400000000000000133 0.97619485204575751069
0.31600000000000000311 0.97559974007299832266
0.31800000000000000488 0.97499647749739581926
0.32000000000000000666 0.97438498774551263182
0.32200000000000000844 0.97376519410017381428
0.32400000000000001021 0.97313701971172461569
0.32600000000000001199 0.9725003876094189259
0.32800000000000001377 0.97185522071302443692
0.33000000000000001554 0.97120144184451451252
0.33200000000000001732 0.97053897373998387899
0.3340000000000000191 0.96986773906169210235
0.33600000000000002087 0.96918766041023785007
0.33800000000000002265 0.96849866033694786971
0.34000000000000002442 0.96780066135636177993
0.3420000000000000262 0.96709358595890271282
0.34400000000000002798 0.96637735662368451361
0.34600000000000002975 0.96565189583147470476
0.34800000000000003153 0.96491712607780133482
0.35000000000000003331 0.96417296988620559972
0.35200000000000003508 0.9634193498216419016
0.35400000000000003686 0.96265618850403356088
0.35600000000000003864 0.96188340862193466574
0.35800000000000004041 0.96110093294636933514
0.36000000000000004219 0.96030868434479121909
0.36200000000000004396 0.95950658579518277591
0.36400000000000004574 0.95869456040027045685
0.36600000000000004752 0.95787253140191963574
0.36800000000000004929 0.95704042219559370963
0.37000000000000005107 0.95619815634499993884
0.37200000000000005285 0.95534565759681899788
0.37400000000000005462 0.95448284989559195601
0.37600000000000000089 0.95360965739868852609
0.37800000000000000266 0.95272600449143141077
0.38000000000000000444 0.95183181580231202012
0.38200000000000000622 0.95092701621833142234
0.38400000000000000799 0.95001153090044532235
0.38600000000000000977 0.94908528529912206118
0.38800000000000001155 0.9481482051699953173
0.39000000000000001332 0.94720021658964625999
0.3920000000000000151 0.94624124597144154691
0.39400000000000001688 0.94527122008151254207
0.39600000000000001865 0.94429006605479282044
0.39800000000000002043 0.94329771141118023969
0.4000000000000000222 0.94229408407175019313
0.40200000000000002398 0.94127911237508810061
0.40400000000000002576 0.94025272509367230356
0.40600000000000002753 0.93921485145036376352
0.40800000000000002931 0.93816542113494216792
0.41000000000000003109 0.93710436432074462054
0.41200000000000003286 0.93603161168135118331
0.41400000000000003464 0.93494709440733592132
0.41600000000000003642 0.93385074422309233277
0.41800000000000003819 0.93274249340370640748
0.42000000000000003997 0.93162227479188719492
0.42200000000000004174 0.93049002181494899766
0.42400000000000004352 0.92934566850185562625
0.4260000000000000453 0.92818914950026543131
0.42800000000000004707 0.92702040009367858708
0.43000000000000004885 0.92583935621856461307
0.43200000000000005063 0.92464595448156250423
0.4340000000000000524 0.92344013217669740357
0.43600000000000005418 0.92222182730260460204
0.43800000000000005596 0.9209909785798130466
0.44000000000000005773 0.91974752546801619157
0.442000000000000004 0.9184914081833768229
0.44400000000000000577 0.91722256771582633128
0.44600000000000000755 0.91594094584638652279
0.44800000000000000933 0.91464648516449553739
0.4500000000000000111 0.91333912908531655894
0.45200000000000001288 0.9120188218670598479
0.45400000000000001465 0.91068550862829700243
0.45600000000000001643 0.90933913536524224597
0.45800000000000001821 0.9079796489690646899
0.46000000000000001998 0.90660699724311810677
0.46200000000000002176 0.90522112892021977526
0.46400000000000002354 0.90382199367983662164
0.46600000000000002531 0.9024095421652966742
0.46800000000000002709 0.90098372600092635487
0.47000000000000002887 0.89954449780918532831
0.47200000000000003064 0.89809181122773451555
0.47400000000000003242 0.89662562092647291045
0.47600000000000003419 0.89514588262453220757
0.47800000000000003597 0.89365255310720126403
0.48000000000000003775 0.89214559024282480415
0.48200000000000003952 0.89062495299961819128
0.4840000000000000413 0.88909060146243357181
0.48600000000000004308 0.88754249684947517096
0.48800000000000004485 0.88598060152891466856
0.49000000000000004663 0.88440487903547049253
0.49200000000000004841 0.88281529408687930971
0.49400000000000005018 0.88121181260032876992
0.49600000000000005196 0.87959440170878422371
0.49800000000000005373 0.87796302977723117422
0.5 0.87631766641884190072
0.50200000000000000178 0.87465828251105748326
0.50400000000000000355 0.8729848502115626907
0.50600000000000000533 0.87129734297417882338
0.50800000000000000711 0.8695957355646443121
0.51000000000000000888 0.8678800040763137158
0.51200000000000001066 0.86615012594573792537
0.51400000000000001243 0.86440607996814533553
0.51600000000000001421 0.86264784631280555516
0.51800000000000001599 0.86087540653829663917
0.52000000000000001776 0.85908874360764020395
0.52200000000000001954 0.85728784190333329196
0.52400000000000002132 0.85547268724225311587
0.52600000000000002309 0.85364326689043790175
0.52800000000000002487 0.85179956957774993764
0.53000000000000002665 0.84994158551239995525
0.53200000000000002842 0.84806930639536093341
0.5340000000000000302 0.84618272543461237056
0.53600000000000003197 0.84428183735929440701
0.53800000000000003375 0.84236663843368519977
0.54000000000000003553 0.84043712647106161295
0.5420000000000000373 0.83849330084739781555
0.54400000000000003908 0.83653516251493253986
0.54600000000000004086 0.83456271401557668987
0.54800000000000004263 0.83257595949417373404
0.55000000000000004441 0.8305749047116049999
0.55200000000000004619 0.82855955705772366127
0.55400000000000004796 0.82652992556416093883
0.55600000000000004974 0.82448602091692113625
0.55800000000000005151 0.8224278554688564391
0.56000000000000005329 0.82035544325193465731
0.56200000000000005507 0.81826879998935875271
0.56400000000000005684 0.81616794310749940511
0.56600000000000005862 0.81405289174764150495
0.5680000000000000604 0.81192366677757021876
0.57000000000000006217 0.80978029080294100517
0.57200000000000006395 0.80762278817849186829
0.57400000000000006573 0.80545118501903889552
0.5760000000000000675 0.80326550921029316044
0.57800000000000006928 0.80106579041946601727
0.58000000000000007105 0.79885206010567766377
0.58200000000000007283 0.79662435153018251732
0.58400000000000007461 0.79438269976634257041
0.58600000000000007638 0.79212714170943132608
0.58800000000000007816 0.78985771608620736206
0.59000000000000007994 0.78757446346427251171
0.59200000000000008171 0.78527742626121810332
0.59400000000000008349 0.78296664875354138324
0.59600000000000008527 0.78064217708535288409
0.59800000000000008704 0.77830405927684775946
0.60000000000000008882 0.77595234523255540715
0.60199999999999997957 0.7735870867493668257
0.60399999999999998135 0.77120833752432438324
0.60599999999999998312 0.76881615316218376854
0.6079999999999999849 0.76641059118275656203
0.60999999999999998668 0.76399171102800766953
0.61199999999999998845 0.76155957406892760275
0.61399999999999999023 0.7591142436121758319
0.61599999999999999201 0.75665578490649676446
0.61799999999999999378 0.75418426514889036483
0.61999999999999999556 0.75169975349057871483
0.62199999999999999734 0.74920232104272677098
0.62399999999999999911 0.74669204088193830149
0.62600000000000000089 0.74416898805553743923
0.62800000000000000266 0.74163323958662585866
0.63000000000000000444 0.73908487447890436339
0.63200000000000000622 0.73652397372130318232
0.63400000000000000799 0.73395062029236868284
0.63600000000000000977 0.73136489916445879267
0.63800000000000001155 0.72876689730771371245
0.64000000000000001332 0.72615670369382212535
0.6420000000000000151 0.72353440929958123817
0.64400000000000001688 0.72090010711024876677
0.64600000000000001865 0.71825389212269585837
0.64800000000000002043 0.71559586134834951565
0.6500000000000000222 0.71292611381593862241
0.65200000000000002398 0.71024475057404501399
0.65400000000000002576 0.70755187469343283624
0.65600000000000002753 0.70484759126919538375
0.65800000000000002931 0.70213200742268178089
0.66000000000000003109 0.69940523230322559911
0.66200000000000003286 0.69666737708964610043
0.66400000000000003464 0.69391855499154786457
0.66600000000000003642 0.69115888125038626999
0.66800000000000003819 0.68838847314029583124
0.67000000000000003997 0.68560744996869127377
0.67200000000000004174 0.68281593307659615988
0.67400000000000004352 0.68001404583871938314
0.6760000000000000453 0.67720191366324011817
0.67800000000000004707 0.67437966399130155892
0.68000000000000004885 0.67154742629618313643
0.68200000000000005063 0.66870533208213844834
0.6840000000000000524 0.66585351488286081967
0.68600000000000005418 0.66299211025957771604
0.68800000000000005596 0.66012125579871727687
0.69000000000000005773 0.65724109110913264686
0.69200000000000005951 0.65435175781884269419
0.69400000000000006128 0.65145339957127301744
0.69600000000000006306 0.64854616202091974753
0.69800000000000006484 0.64563019282843969737
0.70000000000000006661 0.64270564165509092014
0.70200000000000006839 0.63977266015649802977
0.70400000000000007017 0.63683140197567622565
0.70600000000000007194 0.63388202273528015951
0.70800000000000007372 0.63092468002901069823
0.7100000000000000755 0.62795953341213317511
0.71200000000000007727 0.62498674439104562328
0.71400000000000007905 0.62200647641183537395
0.71600000000000008082 0.61901889484776972949
0.7180000000000000826 0.61602416698565187758
0.72000000000000008438 0.61302246201097465583
0.72200000000000008615 0.6100139509918289793
0.72400000000000008793 0.60699880686146889808
0.72600000000000008971 0.6039772043994935391
0.72799999999999998046 0.60094932021157232427
0.72999999999999998224 0.59791533270763896901
0.73199999999999998401 0.59487542207851284992
0.73399999999999998579 0.59182977027086114408
0.73599999999999998757 0.58877856096045033674
0.73799999999999998934 0.58572197952363302953
0.73999999999999999112 0.58266021300701231755
0.74199999999999999289 0.57959345009521689995
0.74399999999999999467 0.57652188107675983453
0.74599999999999999645 0.57344569780791943003
0.74799999999999999822 0.57036509367460741515
0.75 0.56728026355219729471
0.75200000000000000178 0.56419140376325893627
0.75400000000000000355 0.56109871203321115551
0.75600000000000000533 0.55800238744384222933
0.75800000000000000711 0.55490263038471066004
0.76000000000000000888 0.5517996425024175311
0.76200000000000001066 0.54869362664774623539
0.76400000000000001243 0.54558478682070232768
0.76600000000000001421 0.54247332811346060666
0.76800000000000001599 0.53935945665124207515
0.77000000000000001776 0.53624337953117384714
0.77200000000000001954 0.53312530475918351591
0.77400000000000002132 0.53000544118498327251
0.77600000000000002309 0.52688399843524169608
0.77800000000000002487 0.52376118684495986955
0.78000000000000002665 0.5206372173871020026
0.78200000000000002842 0.51751230160053196538
0.7840000000000000302 0.51438665151635976081
0.78600000000000003197 0.51126047958300468999
0.78800000000000003375 0.50813399859026875394
0.79000000000000003553 0.50500742159254374819
0.7920000000000000373 0.5018809618308494036
0.79400000000000003908 0.4987548326529581133
0.79600000000000004086 0.49562924743090730484
0.79800000000000004263 0.4925044194758986249
0.80000000000000004441 0.48938056195190104969
0.80200000000000004619 0.48625788779030681974
0.80400000000000004796 0.48313660960800208777
0.80600000000000004974 0.48001693962982588948
0.80800000000000005151 0.47689908961438393087
0.81000000000000005329 0.47378327078060600286
0.81200000000000005507 0.47066969373255157505
0.81400000000000005684 0.46755856838146653276
0.81600000000000005862 0.46445010386605833919
0.8180000000000000604 0.46134450847305907839
0.82000000000000006217 0.45824198955984241088
0.82200000000000006395 0.45514275347965027496
0.82400000000000006573 0.45204700550889498345
0.8260000000000000675 0.44895494977569166961
0.82800000000000006928 0.44586678918911404335
0.83000000000000007105 0.44278272536932783421
0.83200000000000007283 0.43970295857907859549
0.83400000000000007461 0.4366276876570531762
0.83600000000000007638 0.4335571099534693551
0.83800000000000007816 0.43049142126807282693
0.84000000000000007994 0.42743081579060859809
0.84200000000000008171 0.4243754860437953802
0.84400000000000008349 0.42132562282872537684
0.84600000000000008527 0.41828141517271233418
0.84800000000000008704 0.41524305027961183612
0.85000000000000008882 0.41221071348265170275
0.85200000000000009059 0.40918458819984848684
0.85400000000000009237 0.40616485589198747519
0.85600000000000009415 0.4031516960231745772
0.8579999999999999849 0.4001452860239178011
0.85999999999999998668 0.39714580125673981659
0.86199999999999998845 0.39415341498430922496
0.86399999999999999023 0.39116829834004701594
0.86599999999999999201 0.38819062030118584028
0.86799999999999999378 0.38522054766421831573
0.86999999999999999556 0.38225824502270333571
0.87199999999999999734 0.37930387474736104725
0.87399999999999999911 0.37635759696840542787
0.87600000000000000089 0.37341956956004873636
0.87800000000000000266 0.37048994812710722702
0.88000000000000000444 0.3675688859936292463
0.88200000000000000622 0.36465653419348870168
0.88400000000000000799 0.36175304146284292806
0.88600000000000000977 0.35885855423439183554
0.88800000000000001155 0.35597321663334779984
0.89000000000000001332 0.35309717047503563769
0.8920000000000000151 0.35023055526403901183
0.89400000000000001688 0.34737350819480128372
0.89600000000000001865 0.34452616415360504121
0.89800000000000002043 0.34168865572184248247
0.9000000000000000222 0.33886111318047895669
0.90200000000000002398 0.33604366451564460228
0.90400000000000002576 0.33323643542525577255
0.90600000000000002753 0.33043954932658192725
0.90800000000000002931 0.32765312736468765742
0.91000000000000003109 0.32487728842165142229
0.91200000000000003286 0.32211214912649355213
0.91400000000000003464 0.31935782386572941771
0.91600000000000003642 0.31661442479446688658
0.91800000000000003819 0.31388206184797473597
0.92000000000000003997 0.31116084275365984979
0.92200000000000004174 0.30845087304334906086
0.92400000000000004352 0.30575225606586187155
0.9260000000000000453 0.30306509299973383165
0.92800000000000004707 0.3003894828661434202
0.93000000000000004885 0.2977255225418071749
0.93200000000000005063 0.29507330677210952263
0.9340000000000000524 0.29243292818387012222
0.93600000000000005418 0.28980447729871183782
0.93800000000000005596 0.2871880425452413288
0.94000000000000005773 0.28458371027318241087
0.94200000000000005951 0.28199156476385900394
0.94400000000000006128 0.27941168824699857964
0.94600000000000006306 0.27684416090625629803
0.94800000000000006484 0.27428906090469518109
0.95000000000000006661 0.27174646437515220798
0.95200000000000006839 0.26921644547289458327
0.95400000000000007017 0.26669907631882128207
0.95600000000000007194 0.26419442713660290512
0.95800000000000007372 0.26170256605017305773
0.9600000000000000755 0.25922355947763808803
0.96200000000000007727 0.25675747147146193994
0.96400000000000007905 0.25430436492592645159
0.96600000000000008082 0.25186429957975786653
0.9680000000000000826 0.24943733552963376354
0.97000000000000008438 0.24702352655803155868
0.97200000000000008615 0.24462293164791187872
0.97400000000000008793 0.24223559904268471277
0.97600000000000008971 0.23986159839361526069
0.97800000000000009148 0.23750094166827254161
0.98000000000000009326 0.23515366728454467626
0.98200000000000009504 0.23281977065428755003
0.98399999999999998579 0.23049969353048344045
0.98599999999999998757 0.22819349710058428604
0.98799999999999998934 0.22590019672743000267
0.98999999999999999112 0.22361442501211492573
0.99199999999999999289 0.22132936040251954823
0.99399999999999999467 0.21903426427977712443
0.99599999999999999645 0.21671627808587920483
0.99799999999999999822 0.21431629370045701677
1 0.2117123037339457281
