0.025008
-1 0.037584224457218817772
-0.99799999999999999822 0.039341780531346945415
-0.99599999999999999645 0.041262481095193190295
-0.99399999999999999467 0.043229901665467765359
-0.99199999999999999289 0.04524582085335155518
-0.98999999999999999112 0.04730415893027489771
-0.98799999999999998934 0.049409481656147974382
-0.98599999999999998757 0.051559220105448361204
-0.98399999999999998579 0.05375367105788075861
-0.98199999999999998401 0.055991089608699869118
-0.97999999999999998224 0.058271019050068137424
-0.97799999999999998046 0.060592796673095403182
-0.97599999999999997868 0.062956485526968503086
-0.97399999999999997691 0.065362343608973222375
-0.97199999999999997513 0.067811097364867831128
-0.96999999999999997335 0.070303774090899745497
-0.96799999999999997158 0.072841770110130973914
-0.9659999999999999698 0.075426775717841634816
-0.96399999999999996803 0.078060770690724631815
-0.96199999999999996625 0.080745975400875330541
-0.95999999999999996447 0.083484823200889346495
-0.9579999999999999627 0.086279919633077628571
-0.95599999999999996092 0.089134009343161124672
-0.95399999999999995914 0.092049940814516534315
-0.95199999999999995737 0.095030635713728578429
-0.94999999999999995559 0.098079060130230794057
-0.94799999999999995381 0.10119819992677893394
-0.94599999999999995204 0.10439103940153091066
-0.94399999999999995026 0.1076605438476910398
-0.94199999999999994849 0.11100964559255335762
-0.93999999999999994671 0.11444123344836744371
-0.93799999999999994493 0.11795814515638487763
-0.93599999999999994316 0.12156316248409543279
-0.9340000000000000524 0.12525900852049332013
-0.93200000000000005063 0.12904834674411297391
-0.93000000000000004885 0.13293378142230147243
-0.92800000000000004707 0.13691785893673219521
-0.9260000000000000453 0.14100306965890480049
-0.92400000000000004352 0.14519185004742268807
-0.92200000000000004174 0.14948658468555414691
-0.92000000000000003997 0.15388960802916568094
-0.91800000000000003819 0.1584032056837975655
-0.91600000000000003642 0.16302961507625970961
-0.91400000000000003464 0.16777102542771715754
-0.91200000000000003286 0.17262957697205411067
-0.91000000000000003109 0.17760735939441224529
-0.90800000000000002931 0.18270640949007882492
-0.90600000000000002753 0.18792870806360750802
-0.90400000000000002576 0.19327617610340463994
-0.90200000000000002398 0.19875067027846921031
-0.9000000000000000222 0.20435397781093594949
-0.89800000000000002043 0.210087810781403872
-0.89600000000000001865 0.21595379992694735405
-0.89400000000000001688 0.22195348799481035007
-0.8920000000000000151 0.22808832271355328203
-0.89000000000000001332 0.2343596494375708994
-0.88800000000000001155 0.2407687035199290726
-0.88600000000000000977 0.24731660247650191775
-0.88400000000000000799 0.25400433800464766732
-0.88200000000000000622 0.26083276790094822584
-0.88000000000000000444 0.26780260791262527897
-0.87800000000000000266 0.27491442358673234825
-0.87600000000000000089 0.28216862220932614758
-0.87399999999999999911 0.28956544488174956742
-0.87199999999999999734 0.29710495870864983559
-0.86999999999999999556 0.3047870491217990474
-0.86799999999999999378 0.31261141252136598334
-0.86599999999999999201 0.32057754940780053277
-0.86399999999999999023 0.32868475788796708281
-0.86199999999999998845 0.33693212728819188495
-0.85999999999999998668 0.34531853202988394003
-0.8579999999999999849 0.35384262645390729407
-0.85599999999999998312 0.36250284089138773425
-0.85399999999999998135 0.37129737809949336924
-0.85199999999999997957 0.38022420899800174476
-0.8499999999999999778 0.38928106847233112653
-0.84799999999999997602 0.39846545370192859581
-0.84599999999999997424 0.40777462585604695722
-0.84399999999999997247 0.41720561201391259676
-0.84199999999999997069 0.42675520332889255171
-0.83999999999999996891 0.43641995068234817889
-0.83799999999999996714 0.44619616477398238441
-0.83599999999999996536 0.45607992531830277017
-0.83399999999999996358 0.4660670945899517692
-0.83199999999999996181 0.47615332544013766469
-0.82999999999999996003 0.48633406036897253166
-0.82799999999999995826 0.49660452736975996268
-0.82599999999999995648 0.50695973579888409244
-0.8239999999999999547 0.51739446480240025572
-0.82199999999999995293 0.52790323992147514254
-0.81999999999999995115 0.5384803201691176211
-0.81799999999999994937 0.54911973973672401073
-0.8159999999999999476 0.55981542208204859712
-0.81399999999999994582 0.57056130931383286509
-0.81199999999999994404 0.581351393609561784
-0.80999999999999994227 0.5921795778702971802
-0.80800000000000005151 0.60303942814311128906
-0.80600000000000004974 0.61392400490273779656
-0.80400000000000004796 0.62482595064848434063
-0.80200000000000004619 0.63573784780799136307
-0.80000000000000004441 0.64665266174148972045
-0.79800000000000004263 0.65756400845216167461
-0.79600000000000004086 0.66846609772131482252
-0.79400000000000003908 0.67935341241022706438
-0.7920000000000000373 0.69022033551477757207
-0.79000000000000003553 0.70106093102640554271
-0.78800000000000003375 0.71186895289758278516
-0.78600000000000003197 0.72263801148039452649
-0.7840000000000000302 0.73336176483290071992
-0.78200000000000002842 0.74403403790776012627
-0.78000000000000002665 0.75464885136530379661
-0.77800000000000002487 0.76520039914526960523
-0.77600000000000002309 0.77568302312463344172
-0.77400000000000002132 0.78609120927533482348
-0.77200000000000001954 0.79641960288287760861
-0.77000000000000001776 0.8066630290510412582
-0.76800000000000001599 0.81681650835783581321
-0.76600000000000001421 0.82687526588058146704
-0.76400000000000001243 0.83683473670258590182
-0.76200000000000001066 0.84669057099044953141
-0.76000000000000000888 0.8564386395613944325
-0.75800000000000000711 0.86607503930449647456
-0.75600000000000000533 0.8755960976416179431
-0.75400000000000000355 0.8849983757381640892
-0.75200000000000000178 0.89427867060114729636
-0.75 0.90343401627741692916
-0.74799999999999999822 0.91246168424950413467
-0.74599999999999999645 0.92135918302896202547
-0.74399999999999999467 0.93012425693439770846
-0.74199999999999999289 0.93875488407308793626
-0.73999999999999999112 0.94724927357129595773
-0.73799999999999998934 0.9556058621042066159
-0.73599999999999998757 0.96382330977238939163
-0.73399999999999998579 0.97190049536926848006
-0.73199999999999998401 0.97983651108541724994
-0.72999999999999998224 0.98763065669806526792
-0.72799999999999998046 0.99528243329606258527
-0.72599999999999997868 1.0027915365905726297
-0.72399999999999997691 1.0101578498616774482
-0.72199999999999997513 1.0173814365904292334
-0.71999999999999997335 1.024462532825218819
-0.71799999999999997158 1.0314015393304214463
-0.7159999999999999698 1.0381990135638687889
-0.71399999999999996803 1.0448556615282487137
-0.71199999999999996625 1.0513723295396153468
-0.70999999999999996447 1.0577499959542522312
-0.7079999999999999627 1.0639897628930119478
-0.70599999999999996092 1.0700928479998799148
-0.70399999999999995914 1.0760605762692132537
-0.70199999999999995737 1.0818943719735596432
-0.69999999999999995559 1.087595750721509269
-0.69799999999999995381 1.0931663116723695506
-0.69599999999999995204 1.0986077299320595735
-0.69399999999999995026 1.1039217491518820147
-0.69199999999999994849 1.109110174349506428
-0.68999999999999994671 1.1141748649689375839
-0.68799999999999994493 1.1191177281938620158
-0.68599999999999994316 1.1239407125265237219
-0.68399999999999994138 1.1286458016419875783
-0.6819999999999999396 1.133235008525574905
-0.67999999999999993783 1.1377103698992592218
-0.67800000000000004707 1.1420739409408577902
-0.6760000000000000453 1.1463277902982085266
-0.67400000000000004352 1.1504739953986788947
-0.67200000000000004174 1.1545146380529700547
-0.67000000000000003997 1.1584518003507788819
-0.66800000000000003819 1.1622875608444307449
-0.66600000000000003642 1.1660239910156040555
-0.66400000000000003464 1.1696631520191416165
-0.66200000000000003286 1.1732070916969932206
-0.66000000000000003109 1.1766578418544857421
-0.65800000000000002931 1.1800174157905143346
-0.65600000000000002753 1.1832878060724376645
-0.65400000000000002576 1.1864709825460937331
-0.65200000000000002398 1.1895688905708345917
-0.6500000000000000222 1.1925834494691391896
-0.64800000000000002043 1.1955165511800887046
-0.64600000000000001865 1.1983700591058392693
-0.64400000000000001688 1.2011458071400065162
-0.6420000000000000151 1.2038455988669154451
-0.64000000000000001332 1.2064712069206229295
-0.63800000000000001155 1.2090243724926303948
-0.63600000000000000977 1.2115068049774562198
-0.63400000000000000799 1.2139201817451934495
-0.63200000000000000622 1.2162661480305894113
-0.63000000000000000444 1.2185463169282211293
-0.62800000000000000266 1.2207622694838393684
-0.62600000000000000089 1.2229155548719796709
-0.62399999999999999911 1.2250076906506548458
-0.62199999999999999734 1.2270401630838931872
-0.61999999999999999556 1.2290144275236229987
-0.61799999999999999378 1.2309319088425976219
-0.61599999999999999201 1.2327940019106358172
-0.61399999999999999023 1.2346020721066865988
-0.61199999999999998845 1.2363574558600054498
-0.60999999999999998668 1.2380614612137854635
-0.6079999999999999849 1.2397153684054451617
-0.60599999999999998312 1.2413204304579659176
-0.60399999999999998135 1.2428778737772645524
-0.60199999999999997957 1.2443888987510514088
-0.5999999999999999778 1.2458546803450598617
-0.59799999999999997602 1.247276368692987969
-0.59599999999999997424 1.2486550896769543773
-0.59399999999999997247 1.2499919454956891496
-0.59199999999999997069 1.2512880152181100613
-0.58999999999999996891 1.252544355320288183
-0.58799999999999996714 1.2537620002042946243
-0.58599999999999996536 1.2549419626975892861
-0.58399999999999996358 1.2560852345322301993
-0.58199999999999996181 1.257192786803134954
-0.57999999999999996003 1.2582655704053054002
-0.57799999999999995826 1.2593045164498470889
-0.57599999999999995648 1.2603105366590989789
-0.5739999999999999547 1.2612845237412591004
-0.57199999999999995293 1.262227351745151438
-0.56999999999999995115 1.263139876395878769
-0.56799999999999994937 1.2640229354123413419
-0.5659999999999999476 1.2648773488075935045
-0.56399999999999994582 1.2657039191732117889
-0.56199999999999994404 1.2665034319488068792
-0.55999999999999994227 1.2672766556779575531
-0.55799999999999994049 1.2680243422518371332
-0.55599999999999993872 1.268747227141752365
-0.55399999999999993694 1.2694460296219018947
-0.55200000000000004619 1.2701214529836239997
-0.55000000000000004441 1.2707741847422511228
-0.54800000000000004263 1.2714048968378355298
-0.54600000000000004086 1.2720142458307996947
-0.54400000000000003908 1.2726028730935659006
-0.5420000000000000373 1.2731714049991622595
-0.54000000000000003553 1.2737204531076593561
-0.53800000000000003375 1.2742506143513194772
-0.53600000000000003197 1.2747624712191534257
-0.5340000000000000302 1.2752565919415834728
-0.53200000000000002842 1.27573353067576023
-0.53000000000000002665 1.2761938276920528068
-0.52800000000000002487 1.276638009562103937
-0.52600000000000002309 1.2770665893488895026
-0.52400000000000002132 1.2774800667988883696
-0.52200000000000001954 1.2778789285367393447
-0.52000000000000001776 1.2782636482624190055
-0.51800000000000001599 1.2786346869510314406
-0.51600000000000001421 1.278992493055283397
-0.51400000000000001243 1.2793375027105833297
-0.51200000000000001066 1.2796701399426368972
-0.51000000000000000888 1.2799908168775755435
-0.50800000000000000711 1.2802999339542910917
-0.50600000000000000533 1.2805978801389383825
-0.50400000000000000355 1.2808850331412742207
-0.50200000000000000178 1.2811617596327764534
-0.5 1.2814284154660575688
-0.49799999999999999822 1.2816853458955748124
-0.49599999999999999645 1.281932885799123456
-0.49399999999999999467 1.2821713599000217343
-0.49199999999999999289 1.2824010829895882146
-0.48999999999999999112 1.2826223601497028781
-0.48799999999999998934 1.2828354869750722145
-0.48599999999999998757 1.2830407497950857554
-0.48399999999999998579 1.2832384258947748812
-0.48199999999999998401 1.2834287837348192785
-0.47999999999999998224 1.283612083170172502
-0.47799999999999998046 1.2837885756672109405
-0.47599999999999997868 1.2839585045190207158
-0.47399999999999997691 1.2841221050587339203
-0.47199999999999997513 1.2842796048706186518
-0.46999999999999997335 1.2844312239987689672
-0.46799999999999997158 1.2845771751531771532
-0.4659999999999999698 1.2847176639130770681
-0.46399999999999996803 1.2848528889272947673
-0.46199999999999996625 1.2849830421116319457
-0.45999999999999996447 1.2851083088429713364
-0.4579999999999999627 1.2852288681501078393
-0.45599999999999996092 1.2853448929012019075
-0.45400000000000001465 1.2854565499876753343
-0.45200000000000001288 1.2855640005045914087
-0.4500000000000000111 1.285667399927351795
-0.44800000000000000933 1.2857668982847298977
-0.44600000000000000755 1.2858626403281778749
-0.44400000000000000577 1.2859547656973278063
-0.442000000000000004 1.286043409081758071
-0.44000000000000000222 1.2861287003789017014
-0.43800000000000000044 1.2862107648482226097
-0.43599999999999999867 1.286289723261491158
-0.43399999999999999689 1.2863656920493831137
-0.43199999999999999512 1.2864387834441997072
-0.42999999999999999334 1.2865091056189066343
-0.42799999999999999156 1.2865767628224220598
-0.42599999999999998979 1.2866418555112422162
-0.42399999999999998801 1.286704480477401269
-0.42199999999999998623 1.2867647309728404981
-0.41999999999999998446 1.2868226968302511892
-0.41799999999999998268 1.2868784645803634792
-0.4159999999999999809 1.2869321175658616774
-0.41399999999999997913 1.2869837360518692204
-0.41199999999999997735 1.2870333973331173905
-0.40999999999999997558 1.2870811758378699619
-0.4079999999999999738 1.2871271432286333081
-0.40599999999999997202 1.2871713684997403426
-0.40399999999999997025 1.2872139180719019969
-0.40199999999999996847 1.2872548558836927057
-0.39999999999999996669 1.2872942434801939449
-0.39799999999999996492 1.2873321400987203234
-0.39599999999999996314 1.2873686027517754482
-0.39399999999999996136 1.2874036863073172743
-0.3920000000000000151 1.2874374435663065164
-0.39000000000000001332 1.2874699253377588359
-0.38800000000000001155 1.2875011805112319685
-0.38600000000000000977 1.2875312561268721367
-0.38400000000000000799 1.287560197443127219
-0.38200000000000000622 1.2875880480020871488
-0.38000000000000000444 1.2876148496926527187
-0.37800000000000000266 1.2876406428114757219
-0.37600000000000000089 1.2876654661217892262
-0.37399999999999999911 1.2876893569102383363
-0.37199999999999999734 1.2877123510416643715
-0.36999999999999999556 1.2877344830119907826
-0.36799999999999999378 1.287755785999234126
-0.36599999999999999201 1.2877762919127251351
-0.36399999999999999023 1.2877960314405485498
-0.36199999999999998845 1.2878150340952942976
-0.35999999999999998668 1.2878333282582112851
-0.3579999999999999849 1.2878509412216954111
-0.35599999999999998312 1.287867899230314972
-0.35399999999999998135 1.2878842275202986301
-0.35199999999999997957 1.2878999503576264996
-0.3499999999999999778 1.2879150910747221292
-0.34799999999999997602 1.2879296721057615915
-0.34599999999999997424 1.2879437150207779794
-0.34399999999999997247 1.2879572405584225336
-0.34199999999999997069 1.2879702686575544845
-0.33999999999999996891 1.2879828184877066821
-0.33799999999999996714 1.2879949084783484103
-0.33599999999999996536 1.2880065563471059242
-0.33399999999999996358 1.2880177791269313836
-0.33199999999999996181 1.2880285931922601517
-0.32999999999999996003 1.2880390142841813272
-0.32799999999999995826 1.2880490575346774662
-0.32600000000000001199 1.2880587374899468145
-0.32400000000000001021 1.2880680681328755544
-0.32200000000000000844 1.2880770629046109921
-0.32000000000000000666 1.288085734725399778
-0.31800000000000000488 1.2880940960145794705
-0.31600000000000000311 1.288102158709829137
-0.31400000000000000133 1.2881099342857140755
-0.31199999999999999956 1.2881174337715046718
-0.30999999999999999778 1.2881246677683311219
-0.307999999999999996 1.288131646465692004
-0.30599999999999999423 1.288138379657306487
-0.30399999999999999245 1.2881448767564220859
-0.30199999999999999067 1.2881511468104593909
-0.2999999999999999889 1.2881571985151780702
-0.29799999999999998712 1.2881630402282517878
-0.29599999999999998535 1.2881686799823353073
-0.29399999999999998357 1.2881741254976524225
-0.29199999999999998179 1.2881793841940580858
-0.28999999999999998002 1.2881844632026944186
-0.28799999999999997824 1.2881893693771666598
-0.28599999999999997646 1.2881941093042694746
-0.28399999999999997469 1.2881986893143695383
-0.28199999999999997291 1.2882031154913100579
-0.27999999999999997113 1.2882073936820130911
-0.27799999999999996936 1.2882115295056106863
-0.27599999999999996758 1.2882155283623424324
-0.27399999999999996581 1.2882193954420351201
-0.27199999999999996403 1.2882231357322573295
-0.26999999999999996225 1.288226754026184917
-0.26799999999999996048 1.2882302549301729577
-0.2659999999999999587 1.2882336428709795229
-0.26400000000000001243 1.2882369221027825112
-0.26200000000000001066 1.2882400967138729619
-0.26000000000000000888 1.2882431706331138876
-0.25800000000000000711 1.2882461476361264374
-0.25600000000000000533 1.2882490313512162672
-0.25400000000000000355 1.288251825265124717
-0.25200000000000000178 1.288254532728662749
-0.24999999999999997224 1.2882571569621044105
-0.24799999999999999822 1.2882597010601606335
-0.24599999999999999645 1.2882621679962835692
-0.24399999999999999467 1.2882645606268299243
-0.24199999999999999289 1.2882668816963052105
-0.23999999999999999112 1.2882691338444787199
-0.23799999999999998934 1.2882713196132424827
-0.23599999999999998757 1.2882734414473837603
-0.23399999999999998579 1.2882755016858666863
-0.23199999999999998401 1.2882775025523094392
-0.22999999999999998224 1.2882794461689222043
-0.22799999999999998046 1.2882813346123549447
-0.22599999999999997868 1.2882831699829471184
-0.22399999999999997691 1.2882849543933450054
-0.22199999999999997513 1.2882866897824793995
-0.21999999999999997335 1.2882883776115992003
-0.21799999999999997158 1.2882900187551618032
-0.2159999999999999698 1.2882916140080440393
-0.21399999999999999578 1.2882931652701179459
-0.211999999999999994 1.2882946766250200632
-0.20999999999999999223 1.2882961537884254355
-0.20799999999999999045 1.2882976007247393113
-0.20599999999999998868 1.2882990140982912841
-0.2039999999999999869 1.2883003787511513316
-0.20199999999999998512 1.2883016684722552458
-0.19999999999999998335 1.2883028541644852005
-0.19799999999999998157 1.2883039166583607482
-0.19599999999999997979 1.288304857126421954
-0.19399999999999997802 1.2883056981338980584
-0.19199999999999997624 1.2883064737591674032
-0.18999999999999997446 1.2883072144641811718
-0.18799999999999997269 1.2883079359399323138
-0.18599999999999997091 1.2883086380268902182
-0.18399999999999999689 1.2883093124484177316
-0.18199999999999999512 1.2883099524105374734
-0.17999999999999999334 1.2883105573597140037
-0.17799999999999999156 1.288311131338073956
-0.17599999999999998979 1.2883116784908066332
-0.17399999999999998801 1.2883122002700604369
-0.17199999999999998623 1.2883126959509429987
-0.16999999999999998446 1.2883131647502183981
-0.16799999999999998268 1.2883136070905421011
-0.1659999999999999809 1.2883140242295250122
-0.16399999999999997913 1.2883144172570781816
-0.16199999999999997735 1.2883147866612172372
-0.15999999999999997558 1.2883151326436590445
-0.1579999999999999738 1.2883154555614722003
-0.15599999999999997202 1.2883157559996649688
-0.15399999999999997025 1.2883160345594200091
-0.15199999999999996847 1.2883162917060189123
-0.14999999999999999445 1.2883165278124950603
-0.14799999999999999267 1.2883167432670279418
-0.1459999999999999909 1.288316938499074471
-0.14399999999999998912 1.2883171139321212273
-0.14199999999999998734 1.2883172699499580993
-0.13999999999999998557 1.2883174069097087511
-0.13799999999999998379 1.2883175251661311833
-0.13599999999999998201 1.2883176250741492641
-0.13399999999999998024 1.2883177069773208423
-0.13199999999999997846 1.2883177712032114481
-0.12999999999999997669 1.288317818068828835
-0.12799999999999997491 1.2883178478853882787
-0.12599999999999997313 1.2883178609573593398
-0.12399999999999998523 1.2883178575803362342
-0.12199999999999998346 1.2883178380415443165
-0.11999999999999998168 1.2883178026216679513
-0.1179999999999999799 1.2883177515955592796
-0.11599999999999997813 1.2883176852319433436
-0.11399999999999997635 1.2883176037935437641
-0.11199999999999998845 1.2883175075377342189
-0.10999999999999998668 1.2883173967170653551
-0.1079999999999999849 1.2883172715795025987
-0.10599999999999998312 1.2883171323686291032
-0.10399999999999998135 1.2883169793239763745
-0.10199999999999997957 1.2883168126813966392
-0.099999999999999977796 1.2883166326733306306
-0.097999999999999976019 1.2883164395290200854
-0.095999999999999974243 1.2883162334747719768
-0.093999999999999986344 1.2883160147342425095
-0.091999999999999984568 1.2883157835286207504
-0.089999999999999982792 1.2883155400768675491
-0.087999999999999981015 1.2883152845959027211
-0.085999999999999979239 1.2883150173008184325
-0.083999999999999977462 1.2883147384050501749
-0.081999999999999975686 1.288314448120535971
-0.079999999999999987788 1.2883141466579033363
-0.077999999999999986011 1.2883138342266069465
-0.075999999999999984235 1.2883135110350496522
-0.073999999999999982458 1.28831317729074879
-0.071999999999999980682 1.2883128332004141203
-0.069999999999999978906 1.2883124789701057011
-0.067999999999999977129 1.2883121148052767424
-0.065999999999999975353 1.2883117409109223761
-0.063999999999999973577 1.2883113574916076338
-0.061999999999999978739 1.2883109647515857965
-0.059999999999999983902 1.2883105628948223753
-0.057999999999999982125 1.2883101521250723831
-0.055999999999999980349 1.2883097326459174159
-0.053999999999999978573 1.2883093046607871912
-0.051999999999999976796 1.2883088683730257173
-0.049999999999999981959 1.2883084239858522135
-0.047999999999999980183 1.2883079717024217281
-0.045999999999999978406 1.2883075117257889453
-0.043999999999999983569 1.2883070442589033
-0.041999999999999981792 1.2883065695046216348
-0.039999999999999980016 1.2883060876656533544
-0.03799999999999997824 1.2883055989445220124
-0.035999999999999976463 1.2883051035435544307
-0.033999999999999981626 1.2883046016647705656
-0.031999999999999979849 1.2883040935099461244
-0.029999999999999978073 1.2883035792803037012
-0.027999999999999979766 1.2883030591769024653
-0.025999999999999981459 1.2883025333997155659
-0.023999999999999979683 1.2883020021490563245
-0.021999999999999977907 1.2883014656227378403
-0.0199999999999999796 1.288300924020994831
-0.017999999999999981293 1.2883003775372325883
-0.015999999999999979516 1.2882998263746685552
-0.013999999999999979475 1.2882992707161928791
-0.011999999999999979433 1.2882987107797088111
-0.0099999999999999793915 1.2882981467089900107
-0.0079999999999999793499 1.2882975786956367692
-0.0059999999999999793082 1.2882970064377929909
-0.0039999999999999792666 1.2882964303780770621
-0.001999999999999979225 1.2882958537251365527
2.0816681711721685133e-17 1.2882955656042722747
0.0020000000000000208583 1.2882958537251365527
0.0040000000000000208999 1.2882964303780770621
0.0060000000000000209416 1.2882970064377929909
0.0080000000000000209832 1.2882975786956367692
0.010000000000000021025 1.2882981467089900107
0.012000000000000021066 1.2882987107797088111
0.014000000000000021108 1.2882992707161928791
0.01600000000000002115 1.2882998263746685552
0.018000000000000022926 1.2883003775372325883
0.020000000000000021233 1.288300924020994831
0.02200000000000001954 1.2883014656227378403
0.024000000000000021316 1.2883020021490563245
0.026000000000000023093 1.2883025333997155659
0.0280000000000000214 1.2883030591769024653
0.030000000000000019706 1.2883035792803037012
0.032000000000000021483 1.2883040935099461244
0.034000000000000023259 1.2883046016647705656
0.036000000000000018097 1.2883051035435544307
0.038000000000000019873 1.2883055989445220124
0.040000000000000021649 1.2883060876656533544
0.042000000000000023426 1.2883065695046216348
0.044000000000000025202 1.2883070442589033
0.04600000000000002004 1.2883075117257889453
0.048000000000000021816 1.2883079717024217281
0.050000000000000023592 1.2883084239858522135
0.05200000000000001843 1.2883088683730257173
0.054000000000000020206 1.2883093046607871912
0.056000000000000021982 1.2883097326459174159
0.058000000000000023759 1.2883101521250723831
0.060000000000000025535 1.2883105628948223753
0.062000000000000020373 1.2883109647515857965
0.064000000000000029088 1.2883113574916076338
0.066000000000000016986 1.2883117409109223761
0.068000000000000018763 1.2883121148052767424
0.070000000000000020539 1.2883124789701057011
0.072000000000000022315 1.2883128332004141203
0.074000000000000024092 1.28831317729074879
0.076000000000000025868 1.2883135110350496522
0.078000000000000027645 1.2883138342266069465
0.080000000000000015543 1.2883141466579033363
0.082000000000000017319 1.288314448120535971
0.084000000000000019096 1.2883147384050501749
0.086000000000000020872 1.2883150173008184325
0.088000000000000022649 1.2883152845959027211
0.090000000000000024425 1.2883155400768675491
0.092000000000000026201 1.2883157835286207504
0.094000000000000027978 1.2883160147342425095
0.096000000000000029754 1.2883162334747719768
0.098000000000000017653 1.2883164395290200854
0.10000000000000001943 1.2883166326733306306
0.10200000000000002121 1.2883168126813966392
0.10400000000000002298 1.2883169793239763745
0.10600000000000002476 1.2883171323686291032
0.10800000000000002653 1.2883172715795025987
0.11000000000000002831 1.2883173967170653551
0.11200000000000001621 1.2883175075377342189
0.11400000000000001799 1.2883176037935437641
0.11600000000000001976 1.2883176852319433436
0.11800000000000002154 1.2883177515955592796
0.12000000000000002331 1.2883178026216679513
0.12200000000000002509 1.2883178380415443165
0.12400000000000002687 1.2883178575803362342
0.12600000000000002864 1.2883178609573593398
0.12800000000000003042 1.2883178478853882787
0.1300000000000000322 1.288317818068828835
0.13200000000000003397 1.2883177712032114481
0.13400000000000003575 1.2883177069773208423
0.13600000000000000977 1.2883176250741492641
0.13800000000000001155 1.2883175251661311833
0.14000000000000001332 1.2883174069097087511
0.1420000000000000151 1.2883172699499580993
0.14400000000000001688 1.2883171139321212273
0.14600000000000001865 1.288316938499074471
0.14800000000000002043 1.2883167432670279418
0.1500000000000000222 1.2883165278124950603
0.15200000000000002398 1.2883162917060189123
0.15400000000000002576 1.2883160345594200091
0.15600000000000002753 1.2883157559996649688
0.15800000000000002931 1.2883154555614722003
0.16000000000000003109 1.2883151326436590445
0.16200000000000003286 1.2883147866612172372
0.16400000000000003464 1.2883144172570781816
0.16600000000000003642 1.2883140242295250122
0.16800000000000003819 1.2883136070905421011
0.17000000000000001221 1.2883131647502183981
0.17200000000000001399 1.2883126959509429987
0.17400000000000001577 1.2883122002700604369
0.17600000000000001754 1.2883116784908066332
0.17800000000000001932 1.288311131338073956
0.18000000000000002109 1.2883105573597140037
0.18200000000000002287 1.2883099524105374734
0.18400000000000002465 1.2883093124484177316
0.18600000000000002642 1.2883086380268902182
0.1880000000000000282 1.2883079359399323138
0.19000000000000002998 1.2883072144641811718
0.19200000000000003175 1.2883064737591674032
0.19400000000000003353 1.2883056981338980584
0.19600000000000003531 1.288304857126421954
0.19800000000000003708 1.2883039166583607482
0.2000000000000000111 1.2883028541644852005
0.20200000000000001288 1.2883016684722552458
0.20400000000000001465 1.2883003787511513316
0.20600000000000001643 1.2882990140982912841
0.20800000000000001821 1.2882976007247393113
0.21000000000000001998 1.2882961537884254355
0.21200000000000002176 1.2882946766250200632
0.21400000000000002354 1.2882931652701179459
0.21600000000000002531 1.2882916140080440393
0.21800000000000002709 1.2882900187551618032
0.22000000000000002887 1.2882883776115992003
0.22200000000000003064 1.2882866897824793995
0.22400000000000003242 1.2882849543933450054
0.22600000000000003419 1.2882831699829471184
0.22800000000000003597 1.2882813346123549447
0.23000000000000003775 1.2882794461689222043
0.23200000000000003952 1.2882775025523094392
0.23400000000000001354 1.2882755016858666863
0.23600000000000001532 1.2882734414473837603
0.2380000000000000171 1.2882713196132424827
0.24000000000000001887 1.2882691338444787199
0.24200000000000002065 1.2882668816963052105
0.24400000000000002243 1.2882645606268299243
0.2460000000000000242 1.2882621679962835692
0.24800000000000002598 1.2882597010601606335
0.25 1.2882571569621044105
0.25200000000000000178 1.288254532728662749
0.25400000000000000355 1.288251825265124717
0.25600000000000000533 1.2882490313512162672
0.25800000000000000711 1.2882461476361264374
0.26000000000000000888 1.2882431706331138876
0.26200000000000001066 1.2882400967138729619
0.26400000000000001243 1.2882369221027825112
0.26600000000000001421 1.2882336428709795229
0.26800000000000001599 1.2882302549301729577
0.27000000000000001776 1.288226754026184917
0.27200000000000001954 1.2882231357322573295
0.27400000000000002132 1.2882193954420351201
0.27600000000000002309 1.2882155283623424324
0.27800000000000002487 1.2882115295056106863
0.28000000000000002665 1.2882073936820130911
0.28200000000000002842 1.2882031154913100579
0.2840000000000000302 1.2881986893143695383
0.28600000000000003197 1.2881941093042694746
0.28800000000000003375 1.2881893693771666598
0.29000000000000003553 1.2881844632026944186
0.2920000000000000373 1.2881793841940580858
0.29400000000000003908 1.2881741254976524225
0.29600000000000004086 1.2881686799823353073
0.29800000000000004263 1.2881630402282517878
0.30000000000000004441 1.2881571985151780702
0.30200000000000004619 1.2881511468104593909
0.30400000000000004796 1.2881448767564220859
0.30600000000000004974 1.288138379657306487
0.30800000000000005151 1.288131646465692004
0.31000000000000005329 1.2881246677683311219
0.31200000000000005507 1.2881174337715046718
0.31400000000000000133 1.2881099342857140755
0.31600000000000000311 1.288102158709829137
0.31800000000000000488 1.2880940960145794705
0.32000000000000000666 1.288085734725399778
0.32200000000000000844 1.2880770629046109921
0.32400000000000001021 1.2880680681328755544
0.32600000000000001199 1.2880587374899468145
0.32800000000000001377 1.2880490575346774662
0.33000000000000001554 1.2880390142841813272
0.33200000000000001732 1.2880285931922601517
0.3340000000000000191 1.2880177791269313836
0.33600000000000002087 1.2880065563471059242
0.33800000000000002265 1.2879949084783484103
0.34000000000000002442 1.2879828184877066821
0.3420000000000000262 1.2879702686575544845
0.34400000000000002798 1.2879572405584225336
0.34600000000000002975 1.2879437150207779794
0.34800000000000003153 1.2879296721057615915
0.35000000000000003331 1.2879150910747221292
0.35200000000000003508 1.2878999503576264996
0.35400000000000003686 1.2878842275202986301
0.35600000000000003864 1.287867899230314972
0.35800000000000004041 1.2878509412216954111
0.36000000000000004219 1.2878333282582112851
0.36200000000000004396 1.2878150340952942976
0.36400000000000004574 1.2877960314405485498
0.36600000000000004752 1.2877762919127251351
0.36800000000000004929 1.287755785999234126
0.37000000000000005107 1.2877344830119907826
0.37200000000000005285 1.2877123510416643715
0.37400000000000005462 1.2876893569102383363
0.37600000000000000089 1.2876654661217892262
0.37800000000000000266 1.2876406428114757219
0.38000000000000000444 1.2876148496926527187
0.38200000000000000622 1.2875880480020871488
0.38400000000000000799 1.287560197443127219
0.38600000000000000977 1.2875312561268721367
0.38800000000000001155 1.2875011805112319685
0.39000000000000001332 1.2874699253377588359
0.3920000000000000151 1.2874374435663065164
0.39400000000000001688 1.2874036863073172743
0.39600000000000001865 1.2873686027517754482
0.39800000000000002043 1.2873321400987203234
0.4000000000000000222 1.2872942434801939449
0.40200000000000002398 1.2872548558836927057
0.40400000000000002576 1.2872139180719019969
0.40600000000000002753 1.2871713684997403426
0.40800000000000002931 1.2871271432286333081
0.41000000000000003109 1.2870811758378699619
0.41200000000000003286 1.2870333973331173905
0.41400000000000003464 1.2869837360518692204
0.41600000000000003642 1.2869321175658616774
0.41800000000000003819 1.2868784645803634792
0.42000000000000003997 1.2868226968302511892
0.42200000000000004174 1.2867647309728404981
0.42400000000000004352 1.286704480477401269
0.4260000000000000453 1.2866418555112422162
0.42800000000000004707 1.2865767628224220598
0.43000000000000004885 1.2865091056189066343
0.43200000000000005063 1.2864387834441997072
0.4340000000000000524 1.2863656920493831137
0.43600000000000005418 1.286289723261491158
0.43800000000000005596 1.2862107648482226097
0.44000000000000005773 1.2861287003789017014
0.442000000000000004 1.286043409081758071
0.44400000000000000577 1.2859547656973278063
0.44600000000000000755 1.2858626403281778749
0.44800000000000000933 1.2857668982847298977
0.4500000000000000111 1.285667399927351795
0.45200000000000001288 1.2855640005045914087
0.45400000000000001465 1.2854565499876753343
0.45600000000000001643 1.2853448929012019075
0.45800000000000001821 1.2852288681501078393
0.46000000000000001998 1.2851083088429713364
0.46200000000000002176 1.2849830421116319457
0.46400000000000002354 1.2848528889272947673
0.46600000000000002531 1.2847176639130770681
0.46800000000000002709 1.2845771751531771532
0.47000000000000002887 1.2844312239987689672
0.47200000000000003064 1.2842796048706186518
0.47400000000000003242 1.2841221050587339203
0.47600000000000003419 1.2839585045190207158
0.47800000000000003597 1.2837885756672109405
0.48000000000000003775 1.283612083170172502
0.48200000000000003952 1.2834287837348192785
0.4840000000000000413 1.2832384258947748812
0.48600000000000004308 1.2830407497950857554
0.48800000000000004485 1.2828354869750722145
0.49000000000000004663 1.2826223601497028781
0.49200000000000004841 1.2824010829895882146
0.49400000000000005018 1.2821713599000217343
0.49600000000000005196 1.281932885799123456
0.49800000000000005373 1.2816853458955748124
0.5 1.2814284154660575688
0.50200000000000000178 1.2811617596327764534
0.50400000000000000355 1.2808850331412742207
0.50600000000000000533 1.2805978801389383825
0.50800000000000000711 1.2802999339542910917
0.51000000000000000888 1.2799908168775755435
0.51200000000000001066 1.2796701399426368972
0.51400000000000001243 1.2793375027105833297
0.51600000000000001421 1.278992493055283397
0.51800000000000001599 1.2786346869510314406
0.52000000000000001776 1.2782636482624190055
0.52200000000000001954 1.2778789285367393447
0.52400000000000002132 1.2774800667988883696
0.52600000000000002309 1.2770665893488895026
0.52800000000000002487 1.276638009562103937
0.53000000000000002665 1.2761938276920528068
0.53200000000000002842 1.27573353067576023
0.5340000000000000302 1.2752565919415834728
0.53600000000000003197 1.2747624712191534257
0.53800000000000003375 1.2742506143513194772
0.54000000000000003553 1.2737204531076593561
0.5420000000000000373 1.2731714049991622595
0.54400000000000003908 1.2726028730935659006
0.54600000000000004086 1.2720142458307996947
0.54800000000000004263 1.2714048968378355298
0.55000000000000004441 1.2707741847422511228
0.55200000000000004619 1.2701214529836239997
0.55400000000000004796 1.2694460296219018947
0.55600000000000004974 1.268747227141752365
0.55800000000000005151 1.2680243422518371332
0.56000000000000005329 1.2672766556779575531
0.56200000000000005507 1.2665034319488068792
0.56400000000000005684 1.2657039191732117889
0.56600000000000005862 1.2648773488075935045
0.5680000000000000604 1.2640229354123413419
0.57000000000000006217 1.263139876395878769
0.57200000000000006395 1.262227351745151438
0.57400000000000006573 1.2612845237412591004
0.5760000000000000675 1.2603105366590989789
0.57800000000000006928 1.2593045164498470889
0.58000000000000007105 1.2582655704053054002
0.58200000000000007283 1.257192786803134954
0.58400000000000007461 1.2560852345322301993
0.58600000000000007638 1.2549419626975892861
0.58800000000000007816 1.2537620002042946243
0.59000000000000007994 1.252544355320288183
0.59200000000000008171 1.2512880152181100613
0.59400000000000008349 1.2499919454956891496
0.59600000000000008527 1.2486550896769543773
0.59800000000000008704 1.247276368692987969
0.60000000000000008882 1.2458546803450598617
0.60199999999999997957 1.2443888987510514088
0.60399999999999998135 1.2428778737772645524
0.60599999999999998312 1.2413204304579659176
0.6079999999999999849 1.2397153684054451617
0.60999999999999998668 1.2380614612137854635
0.61199999999999998845 1.2363574558600054498
0.61399999999999999023 1.2346020721066865988
0.61599999999999999201 1.2327940019106358172
0.61799999999999999378 1.2309319088425976219
0.61999999999999999556 1.2290144275236229987
0.62199999999999999734 1.2270401630838931872
0.62399999999999999911 1.2250076906506548458
0.62600000000000000089 1.2229155548719796709
0.62800000000000000266 1.2207622694838393684
0.63000000000000000444 1.2185463169282211293
0.63200000000000000622 1.2162661480305894113
0.63400000000000000799 1.2139201817451934495
0.63600000000000000977 1.2115068049774562198
0.63800000000000001155 1.2090243724926303948
0.64000000000000001332 1.2064712069206229295
0.6420000000000000151 1.2038455988669154451
0.64400000000000001688 1.2011458071400065162
0.64600000000000001865 1.1983700591058392693
0.64800000000000002043 1.1955165511800887046
0.6500000000000000222 1.1925834494691391896
0.65200000000000002398 1.1895688905708345917
0.65400000000000002576 1.1864709825460937331
0.65600000000000002753 1.1832878060724376645
0.65800000000000002931 1.1800174157905143346
0.66000000000000003109 1.1766578418544857421
0.66200000000000003286 1.1732070916969932206
0.66400000000000003464 1.1696631520191416165
0.66600000000000003642 1.1660239910156040555
0.66800000000000003819 1.1622875608444307449
0.67000000000000003997 1.1584518003507788819
0.67200000000000004174 1.1545146380529700547
0.67400000000000004352 1.1504739953986788947
0.6760000000000000453 1.1463277902982085266
0.67800000000000004707 1.1420739409408577902
0.68000000000000004885 1.1377103698992592218
0.68200000000000005063 1.133235008525574905
0.6840000000000000524 1.1286458016419875783
0.68600000000000005418 1.1239407125265237219
0.68800000000000005596 1.1191177281938620158
0.69000000000000005773 1.1141748649689375839
0.69200000000000005951 1.109110174349506428
0.69400000000000006128 1.1039217491518820147
0.69600000000000006306 1.0986077299320595735
0.69800000000000006484 1.0931663116723695506
0.70000000000000006661 1.087595750721509269
0.70200000000000006839 1.0818943719735596432
0.70400000000000007017 1.0760605762692132537
0.70600000000000007194 1.0700928479998799148
0.70800000000000007372 1.0639897628930119478
0.7100000000000000755 1.0577499959542522312
0.71200000000000007727 1.0513723295396153468
0.71400000000000007905 1.0448556615282487137
0.71600000000000008082 1.0381990135638687889
0.7180000000000000826 1.0314015393304214463
0.72000000000000008438 1.024462532825218819
0.72200000000000008615 1.0173814365904292334
0.72400000000000008793 1.0101578498616774482
0.72600000000000008971 1.0027915365905726297
0.72799999999999998046 0.99528243329606258527
0.72999999999999998224 0.98763065669806526792
0.73199999999999998401 0.97983651108541724994
0.73399999999999998579 0.97190049536926848006
0.73599999999999998757 0.96382330977238939163
0.73799999999999998934 0.9556058621042066159
0.73999999999999999112 0.94724927357129595773
0.74199999999999999289 0.93875488407308793626
0.74399999999999999467 0.93012425693439770846
0.74599999999999999645 0.92135918302896202547
0.74799999999999999822 0.91246168424950413467
0.75 0.90343401627741692916
0.75200000000000000178 0.89427867060114729636
0.75400000000000000355 0.8849983757381640892
0.75600000000000000533 0.8755960976416179431
0.75800000000000000711 0.86607503930449647456
0.76000000000000000888 0.8564386395613944325
0.76200000000000001066 0.84669057099044953141
0.76400000000000001243 0.83683473670258590182
0.76600000000000001421 0.82687526588058146704
0.76800000000000001599 0.81681650835783581321
0.77000000000000001776 0.8066630290510412582
0.77200000000000001954 0.79641960288287760861
0.77400000000000002132 0.78609120927533482348
0.77600000000000002309 0.77568302312463344172
0.77800000000000002487 0.76520039914526960523
0.78000000000000002665 0.75464885136530379661
0.78200000000000002842 0.74403403790776012627
0.7840000000000000302 0.73336176483290071992
0.78600000000000003197 0.72263801148039452649
0.78800000000000003375 0.71186895289758278516
0.79000000000000003553 0.70106093102640554271
0.7920000000000000373 0.69022033551477757207
0.79400000000000003908 0.67935341241022706438
0.79600000000000004086 0.66846609772131482252
0.79800000000000004263 0.65756400845216167461
0.80000000000000004441 0.64665266174148972045
0.80200000000000004619 0.63573784780799136307
0.80400000000000004796 0.62482595064848434063
0.80600000000000004974 0.61392400490273779656
0.80800000000000005151 0.60303942814311128906
0.81000000000000005329 0.5921795778702971802
0.81200000000000005507 0.581351393609561784
0.81400000000000005684 0.57056130931383286509
0.81600000000000005862 0.55981542208204859712
0.8180000000000000604 0.54911973973672401073
0.82000000000000006217 0.5384803201691176211
0.82200000000000006395 0.52790323992147514254
0.82400000000000006573 0.51739446480240025572
0.8260000000000000675 0.50695973579888409244
0.82800000000000006928 0.49660452736975996268
0.83000000000000007105 0.48633406036897253166
0.83200000000000007283 0.47615332544013766469
0.83400000000000007461 0.4660670945899517692
0.83600000000000007638 0.45607992531830277017
0.83800000000000007816 0.44619616477398238441
0.84000000000000007994 0.43641995068234817889
0.84200000000000008171 0.42675520332889255171
0.84400000000000008349 0.41720561201391259676
0.84600000000000008527 0.40777462585604695722
0.84800000000000008704 0.39846545370192859581
0.85000000000000008882 0.38928106847233112653
0.85200000000000009059 0.38022420899800174476
0.85400000000000009237 0.37129737809949336924
0.85600000000000009415 0.36250284089138773425
0.8579999999999999849 0.35384262645390729407
0.85999999999999998668 0.34531853202988394003
0.86199999999999998845 0.33693212728819188495
0.86399999999999999023 0.32868475788796708281
0.86599999999999999201 0.32057754940780053277
0.86799999999999999378 0.31261141252136598334
0.86999999999999999556 0.3047870491217990474
0.87199999999999999734 0.29710495870864983559
0.87399999999999999911 0.28956544488174956742
0.87600000000000000089 0.28216862220932614758
0.87800000000000000266 0.27491442358673234825
0.88000000000000000444 0.26780260791262527897
0.88200000000000000622 0.26083276790094822584
0.88400000000000000799 0.25400433800464766732
0.88600000000000000977 0.24731660247650191775
0.88800000000000001155 0.2407687035199290726
0.89000000000000001332 0.2343596494375708994
0.8920000000000000151 0.22808832271355328203
0.89400000000000001688 0.22195348799481035007
0.89600000000000001865 0.21595379992694735405
0.89800000000000002043 0.210087810781403872
0.9000000000000000222 0.20435397781093594949
0.90200000000000002398 0.19875067027846921031
0.90400000000000002576 0.19327617610340463994
0.90600000000000002753 0.18792870806360750802
0.90800000000000002931 0.18270640949007882492
0.91000000000000003109 0.17760735939441224529
0.91200000000000003286 0.17262957697205411067
0.91400000000000003464 0.16777102542771715754
0.91600000000000003642 0.16302961507625970961
0.91800000000000003819 0.1584032056837975655
0.92000000000000003997 0.15388960802916568094
0.92200000000000004174 0.14948658468555414691
0.92400000000000004352 0.14519185004742268807
0.9260000000000000453 0.14100306965890480049
0.92800000000000004707 0.13691785893673219521
0.93000000000000004885 0.13293378142230147243
0.93200000000000005063 0.12904834674411297391
0.9340000000000000524 0.12525900852049332013
0.93600000000000005418 0.12156316248409543279
0.93800000000000005596 0.11795814515638487763
0.94000000000000005773 0.11444123344836744371
0.94200000000000005951 0.11100964559255335762
0.94400000000000006128 0.1076605438476910398
0.94600000000000006306 0.10439103940153091066
0.94800000000000006484 0.10119819992677893394
0.95000000000000006661 0.098079060130230794057
0.95200000000000006839 0.095030635713728578429
0.95400000000000007017 0.092049940814516534315
0.95600000000000007194 0.089134009343161124672
0.95800000000000007372 0.086279919633077628571
0.9600000000000000755 0.083484823200889346495
0.96200000000000007727 0.080745975400875330541
0.96400000000000007905 0.078060770690724631815
0.96600000000000008082 0.075426775717841634816
0.9680000000000000826 0.072841770110130973914
0.97000000000000008438 0.070303774090899745497
0.97200000000000008615 0.067811097364867831128
0.97400000000000008793 0.065362343608973222375
0.97600000000000008971 0.062956485526968503086
0.97800000000000009148 0.060592796673095403182
0.98000000000000009326 0.058271019050068137424
0.98200000000000009504 0.055991089608699869118
0.98399999999999998579 0.05375367105788075861
0.98599999999999998757 0.051559220105448361204
0.98799999999999998934 0.049409481656147974382
0.98999999999999999112 0.04730415893027489771
0.99199999999999999289 0.04524582085335155518
0.99399999999999999467 0.043229901665467765359
0.99599999999999999645 0.041262481095193190295
0.99799999999999999822 0.039341780531346945415
1 0.037584224457218817772
