0.000000
-1 -1.8325876064733274886e-06
-0.99799999999999999822 -1.8325034577253576947e-06
-0.99599999999999999645 -1.8324159403541881331e-06
-0.99399999999999999467 -1.832324922234688477e-06
-0.99199999999999999289 -1.8322302662815849874e-06
-0.98999999999999999112 -1.8321318302823582769e-06
-0.98799999999999998934 -1.8320294667234234666e-06
-0.98599999999999998757 -1.8319230226141188573e-06
-0.98399999999999998579 -1.8318123393071131337e-06
-0.98199999999999998401 -1.8316972523125815824e-06
-0.97999999999999998224 -1.831577591109357555e-06
-0.97799999999999998046 -1.8314531789522672012e-06
-0.97599999999999997868 -1.8313238326765908538e-06
-0.97399999999999997691 -1.8311893624971548609e-06
-0.97199999999999997513 -1.8310495718043696516e-06
-0.96999999999999997335 -1.8309042569574226188e-06
-0.96799999999999997158 -1.8307532070748763281e-06
-0.9659999999999999698 -1.830596203820173729e-06
-0.96399999999999996803 -1.8304330211863516026e-06
-0.96199999999999996625 -1.8302634252793667809e-06
-0.95999999999999996447 -1.8300871740956079081e-06
-0.9579999999999999627 -1.8299040173017653419e-06
-0.95599999999999996092 -1.829713696012814501e-06
-0.95399999999999995914 -1.8295159425674733597e-06
-0.95199999999999995737 -1.8293104803036319908e-06
-0.94999999999999995559 -1.8290970233366133163e-06
-0.94799999999999995381 -1.8288752763364068298e-06
-0.94599999999999995204 -1.8286449343069843272e-06
-0.94399999999999995026 -1.8284056823674187576e-06
-0.94199999999999994849 -1.8281571955358078126e-06
-0.93999999999999994671 -1.827899138521161743e-06
-0.93799999999999994493 -1.8276311655146271014e-06
-0.93599999999999994316 -1.8273529199881188466e-06
-0.9340000000000000524 -1.8270640345036125697e-06
-0.93200000000000005063 -1.8267641305264603386e-06
-0.93000000000000004885 -1.8264528182473937118e-06
-0.92800000000000004707 -1.8261296964169347266e-06
-0.9260000000000000453 -1.8257943521926011079e-06
-0.92400000000000004352 -1.8254463609977965089e-06
-0.92200000000000004174 -1.8250852863951903079e-06
-0.92000000000000003997 -1.824710679974085097e-06
-0.91800000000000003819 -1.8243220812618763276e-06
-0.91600000000000003642 -1.8239190176461703838e-06
-0.91400000000000003464 -1.8235010043223818306e-06
-0.91200000000000003286 -1.8230675442729724245e-06
-0.91000000000000003109 -1.8226181282552942845e-06
-0.90800000000000002931 -1.8221522348204630575e-06
-0.90600000000000002753 -1.8216693303760864246e-06
-0.90400000000000002576 -1.8211688692625358189e-06
-0.90200000000000002398 -1.820650293861526308e-06
-0.9000000000000000222 -1.8201130347498270277e-06
-0.89800000000000002043 -1.8195565108892760833e-06
-0.89600000000000001865 -1.8189801298477144825e-06
-0.89400000000000001688 -1.8183832880566137469e-06
-0.8920000000000000151 -1.8177653711326519714e-06
-0.89000000000000001332 -1.8171257542223268484e-06
-0.88800000000000001155 -1.8164638023997488106e-06
-0.88600000000000000977 -1.8157788711220542234e-06
-0.88400000000000000799 -1.8150703067173486675e-06
-0.88200000000000000622 -1.8143374469377089152e-06
-0.88000000000000000444 -1.8135796215641438145e-06
-0.87800000000000000266 -1.8127961530558518186e-06
-0.87600000000000000089 -1.8119863572654276554e-06
-0.87399999999999999911 -1.8111495442034724038e-06
-0.87199999999999999734 -1.8102850188542745755e-06
-0.86999999999999999556 -1.8093920820673186449e-06
-0.86799999999999999378 -1.8084700314843221634e-06
-0.86599999999999999201 -1.8075181625236697335e-06
-0.86399999999999999023 -1.8065357694360134192e-06
-0.86199999999999998845 -1.8055221463986198323e-06
-0.85999999999999998668 -1.8044765886671149237e-06
-0.8579999999999999849 -1.8033983937828517347e-06
-0.85599999999999998312 -1.8022868628084779923e-06
-0.85399999999999998135 -1.8011413016263414788e-06
-0.85199999999999997957 -1.799961022290075519e-06
-0.8499999999999999778 -1.7987453443812920745e-06
-0.84799999999999997602 -1.7974935964204523374e-06
-0.84599999999999997424 -1.7962051173019415008e-06
-0.84399999999999997247 -1.7948792577513476525e-06
-0.84199999999999997069 -1.7935153818156027926e-06
-0.83999999999999996891 -1.7921128683455748832e-06
-0.83799999999999996714 -1.7906711124957568335e-06
-0.83599999999999996536 -1.7891895272073026058e-06
-0.83399999999999996358 -1.7876675447197070115e-06
-0.83199999999999996181 -1.7861046180267520092e-06
-0.82999999999999996003 -1.784500222323349093e-06
-0.82799999999999995826 -1.7828538564517165479e-06
-0.82599999999999995648 -1.7811650442718378892e-06
-0.8239999999999999547 -1.779433336007052897e-06
-0.82199999999999995293 -1.7776583095212577277e-06
-0.81999999999999995115 -1.7758395715510303794e-06
-0.81799999999999994937 -1.773976758872031483e-06
-0.8159999999999999476 -1.7720695393865785122e-06
-0.81399999999999994582 -1.7701176131221798914e-06
-0.81199999999999994404 -1.7681207131488022205e-06
-0.80999999999999994227 -1.7660786064044311487e-06
-0.80800000000000005151 -1.7639910944327045111e-06
-0.80600000000000004974 -1.7618580139981968496e-06
-0.80400000000000004796 -1.7596792375931261689e-06
-0.80200000000000004619 -1.7574546738474697133e-06
-0.80000000000000004441 -1.7551842678227293928e-06
-0.79800000000000004263 -1.7528680011857924949e-06
-0.79600000000000004086 -1.7505058922684393492e-06
-0.79400000000000003908 -1.7480979960118328116e-06
-0.7920000000000000373 -1.7456444037748933649e-06
-0.79000000000000003553 -1.7431452430622943937e-06
-0.78800000000000003375 -1.7406006771292230581e-06
-0.78600000000000003197 -1.7380109044382589567e-06
-0.7840000000000000302 -1.7353761580309883349e-06
-0.78200000000000002842 -1.7326967048338919249e-06
-0.78000000000000002665 -1.7299728448301193062e-06
-0.77800000000000002487 -1.72720491013045364e-06
-0.77600000000000002309 -1.7243932639541275339e-06
-0.77400000000000002132 -1.7215382995572353077e-06
-0.77200000000000001954 -1.7186404390736603081e-06
-0.77000000000000001776 -1.7157001322694047513e-06
-0.76800000000000001599 -1.712717855288925904e-06
-0.76600000000000001421 -1.7096941093059930161e-06
-0.76400000000000001243 -1.7066294191163683374e-06
-0.76200000000000001066 -1.703524331722495107e-06
-0.76000000000000000888 -1.7003794148817701143e-06
-0.75800000000000000711 -1.6971952556565920648e-06
-0.75600000000000000533 -1.6939724589102316009e-06
-0.75400000000000000355 -1.6907116457778320115e-06
-0.75200000000000000178 -1.6874134522146815813e-06
-0.75 -1.6840785275036301533e-06
-0.74799999999999999822 -1.6807075327305304084e-06
-0.74599999999999999645 -1.6773011393871334639e-06
-0.74399999999999999467 -1.6738600278989329059e-06
-0.74199999999999999289 -1.6703848861983066605e-06
-0.73999999999999999112 -1.6668764084042391163e-06
-0.73799999999999998934 -1.6633352934487536504e-06
-0.73599999999999998757 -1.6597622437943829851e-06
-0.73399999999999998579 -1.656157964204485719e-06
-0.73199999999999998401 -1.6525231604966886903e-06
-0.72999999999999998224 -1.6488585384037970698e-06
-0.72799999999999998046 -1.6451648025093138681e-06
-0.72599999999999997868 -1.6414426551913944089e-06
-0.72399999999999997691 -1.6376927955943367842e-06
-0.72199999999999997513 -1.6339159187137576845e-06
-0.71999999999999997335 -1.6301127145417205847e-06
-0.71799999999999997158 -1.6262838672291836368e-06
-0.7159999999999999698 -1.622430054331491943e-06
-0.71399999999999996803 -1.6185519460671928103e-06
-0.71199999999999996625 -1.6146502046820999306e-06
-0.70999999999999996447 -1.6107254838364504325e-06
-0.7079999999999999627 -1.6067784280591189895e-06
-0.70599999999999996092 -1.6028096722995320972e-06
-0.70399999999999995914 -1.5988198414249586776e-06
-0.70199999999999995737 -1.5948095498035106773e-06
-0.69999999999999995559 -1.5907794009817341635e-06
-0.69799999999999995381 -1.5867299874101623909e-06
-0.69599999999999995204 -1.5826618901346733009e-06
-0.69399999999999995026 -1.5785756785646752387e-06
-0.69199999999999994849 -1.5744719103367719183e-06
-0.68999999999999994671 -1.5703511311038196664e-06
-0.68799999999999994493 -1.5662138744465535109e-06
-0.68599999999999994316 -1.5620606618305108964e-06
-0.68399999999999994138 -1.557892002491012445e-06
-0.6819999999999999396 -1.5537083934353822419e-06
-0.67999999999999993783 -1.5495103194629320951e-06
-0.67800000000000004707 -1.5452982531924949764e-06
-0.6760000000000000453 -1.5410726551237095498e-06
-0.67400000000000004352 -1.5368339736543388185e-06
-0.67200000000000004174 -1.5325826452103894206e-06
-0.67000000000000003997 -1.5283190943673472428e-06
-0.66800000000000003819 -1.5240437339563148842e-06
-0.66600000000000003642 -1.5197569652478646043e-06
-0.66400000000000003464 -1.5154591780559555012e-06
-0.66200000000000003286 -1.5111507509057985014e-06
-0.66000000000000003109 -1.5068320512496845896e-06
-0.65800000000000002931 -1.5025034356028753633e-06
-0.65600000000000002753 -1.4981652497514373899e-06
-0.65400000000000002576 -1.4938178290107016042e-06
-0.65200000000000002398 -1.489461498370480967e-06
-0.6500000000000000222 -1.4850965726873607083e-06
-0.64800000000000002043 -1.4807233569724684531e-06
-0.64600000000000001865 -1.4763421465540103159e-06
-0.64400000000000001688 -1.4719532273264055242e-06
-0.6420000000000000151 -1.4675568759434651999e-06
-0.64000000000000001332 -1.4631533600564236521e-06
-0.63800000000000001155 -1.4587429385630732133e-06
-0.63600000000000000977 -1.4543258617796259539e-06
-0.63400000000000000799 -1.4499023717169376907e-06
-0.63200000000000000622 -1.4454727022825683318e-06
-0.63000000000000000444 -1.4410370794868395818e-06
-0.62800000000000000266 -1.4365957216631028948e-06
-0.62600000000000000089 -1.4321488396689117057e-06
-0.62399999999999999911 -1.4276966371715712709e-06
-0.62199999999999999734 -1.4232393107915794633e-06
-0.61999999999999999556 -1.4187770502829264171e-06
-0.61799999999999999378 -1.4143100388142035868e-06
-0.61599999999999999201 -1.4098384531355810468e-06
-0.61399999999999999023 -1.4053624637808680474e-06
-0.61199999999999998845 -1.4008822352287175727e-06
-0.60999999999999998668 -1.3963979261135684613e-06
-0.6079999999999999849 -1.3919096894539074447e-06
-0.60599999999999998312 -1.387417672746860281e-06
-0.60399999999999998135 -1.3829220181817982177e-06
-0.60199999999999997957 -1.3784228628699326252e-06
-0.5999999999999999778 -1.373920338919809772e-06
-0.59799999999999997602 -1.3694145736860009694e-06
-0.59599999999999997424 -1.3649056898659142015e-06
-0.59399999999999997247 -1.3603938056476752789e-06
-0.59199999999999997069 -1.3558790349286201983e-06
-0.58999999999999996891 -1.3513614874054450716e-06
-0.58799999999999996714 -1.3468412687283053474e-06
-0.58599999999999996536 -1.3423184806460324097e-06
-0.58399999999999996358 -1.3377932211740000505e-06
-0.58199999999999996181 -1.3332655846669542675e-06
-0.57999999999999996003 -1.3287356619486882914e-06
-0.57799999999999995826 -1.3242035405172106948e-06
-0.57599999999999995648 -1.31966930458249405e-06
-0.5739999999999999547 -1.3151330351721672775e-06
-0.57199999999999995293 -1.3105948103069312985e-06
-0.56999999999999995115 -1.3060547050671726703e-06
-0.56799999999999994937 -1.301512791706205751e-06
-0.5659999999999999476 -1.2969691397572984881e-06
-0.56399999999999994582 -1.2924238161575734338e-06
-0.56199999999999994404 -1.2878768853026305701e-06
-0.55999999999999994227 -1.2833284091362533924e-06
-0.55799999999999994049 -1.2787784472658719934e-06
-0.55599999999999993872 -1.2742270570189623285e-06
-0.55399999999999993694 -1.2696742935678357688e-06
-0.55200000000000004619 -1.2651202099793762395e-06
-0.55000000000000004441 -1.2605648572812106465e-06
-0.54800000000000004263 -1.2560082845660686288e-06
-0.54600000000000004086 -1.2514505390477388257e-06
-0.54400000000000003908 -1.2468916661534386671e-06
-0.5420000000000000373 -1.2423317095753290108e-06
-0.54000000000000003553 -1.2377707113029330588e-06
-0.53800000000000003375 -1.2332087117408193027e-06
-0.53600000000000003197 -1.2286457497348032178e-06
-0.5340000000000000302 -1.2240818626385604748e-06
-0.53200000000000002842 -1.2195170863851254149e-06
-0.53000000000000002665 -1.2149514555082072687e-06
-0.52800000000000002487 -1.2103850031972572507e-06
-0.52600000000000002309 -1.2058177613853979906e-06
-0.52400000000000002132 -1.2012497607880598825e-06
-0.52200000000000001954 -1.1966810309025363926e-06
-0.52000000000000001776 -1.1921116001065721296e-06
-0.51800000000000001599 -1.1875414956974426158e-06
-0.51600000000000001421 -1.1829707438981715089e-06
-0.51400000000000001243 -1.1783993699197034552e-06
-0.51200000000000001066 -1.1738273979937660039e-06
-0.51000000000000000888 -1.1692548514044006199e-06
-0.50800000000000000711 -1.1646817525665660712e-06
-0.50600000000000000533 -1.1601081230026019237e-06
-0.50400000000000000355 -1.1555339834021802635e-06
-0.50200000000000000178 -1.1509593536778170591e-06
-0.5 -1.1463842529324538818e-06
-0.49799999999999999822 -1.1418086995407258461e-06
-0.49599999999999999645 -1.1372327111862653645e-06
-0.49399999999999999467 -1.1326563048177371139e-06
-0.49199999999999999289 -1.1280794967611927212e-06
-0.48999999999999999112 -1.1235023027182943232e-06
-0.48799999999999998934 -1.1189247377556565626e-06
-0.48599999999999998757 -1.1143468163523638665e-06
-0.48399999999999998579 -1.1097685524248399682e-06
-0.48199999999999998401 -1.1051899593708123057e-06
-0.47999999999999998224 -1.1006110500551011382e-06
-0.47799999999999998046 -1.0960318368322683599e-06
-0.47599999999999997868 -1.0914523315790355688e-06
-0.47399999999999997691 -1.0868725457160451895e-06
-0.47199999999999997513 -1.0822924902029747881e-06
-0.46999999999999997335 -1.0777121755727322149e-06
-0.46799999999999997158 -1.0731316119709796445e-06
-0.4659999999999999698 -1.0685508091379255438e-06
-0.46399999999999996803 -1.0639697764252005328e-06
-0.46199999999999996625 -1.0593885228291639907e-06
-0.45999999999999996447 -1.0548070569891271923e-06
-0.4579999999999999627 -1.0502253872051177071e-06
-0.45599999999999996092 -1.0456435214654119926e-06
-0.45400000000000001465 -1.0410614674403190205e-06
-0.45200000000000001288 -1.0364792324861765772e-06
-0.4500000000000000111 -1.0318968236813224244e-06
-0.44800000000000000933 -1.0273142478460787706e-06
-0.44600000000000000755 -1.022731511505004248e-06
-0.44400000000000000577 -1.0181486209388526075e-06
-0.442000000000000004 -1.0135655821899016144e-06
-0.44000000000000000222 -1.0089824010468542632e-06
-0.43800000000000000044 -1.0043990830967966253e-06
-0.43599999999999999867 -9.9981563371720503406e-07
-0.43399999999999999689 -9.9523205804219499884e-07
-0.43199999999999999512 -9.9064836100115649483e-07
-0.42999999999999999334 -9.8606454737337784746e-07
-0.42799999999999999156 -9.8148062171654641076e-07
-0.42599999999999998979 -9.7689658839961196337e-07
-0.42399999999999998801 -9.7231245166140604718e-07
-0.42199999999999998623 -9.6772821553869943574e-07
-0.41999999999999998446 -9.6314388391460816134e-07
-0.41799999999999998268 -9.5855946053324845556e-07
-0.4159999999999999809 -9.5397494900240109141e-07
-0.41399999999999997913 -9.4939035277530377486e-07
-0.41199999999999997735 -9.4480567514798648504e-07
-0.40999999999999997558 -9.4022091934364876717e-07
-0.4079999999999999738 -9.3563608840874266013e-07
-0.40599999999999997202 -9.3105118528269451939e-07
-0.40399999999999997025 -9.2646621281300443814e-07
-0.40199999999999996847 -9.2188117369307349952e-07
-0.39999999999999996669 -9.1729607053592264225e-07
-0.39799999999999996492 -9.1271090586309028212e-07
-0.39599999999999996314 -9.0812568207487869154e-07
-0.39399999999999996136 -9.0354040148588078482e-07
-0.3920000000000000151 -8.9895506633075349471e-07
-0.39000000000000001332 -8.9436967874156917024e-07
-0.38800000000000001155 -8.8978424077224030106e-07
-0.38600000000000000977 -8.8519875441361883274e-07
-0.38400000000000000799 -8.8061322154109352049e-07
-0.38200000000000000622 -8.7602764397098930035e-07
-0.38000000000000000444 -8.7144202347744251486e-07
-0.37800000000000000266 -8.6685636174355125241e-07
-0.37600000000000000089 -8.6227066037869473581e-07
-0.37399999999999999911 -8.5768492093452075151e-07
-0.37199999999999999734 -8.5309914490805404878e-07
-0.36999999999999999556 -8.4851333371993595743e-07
-0.36799999999999999378 -8.439274887654948629e-07
-0.36599999999999999201 -8.3934161137255740098e-07
-0.36399999999999999023 -8.3475570279567561069e-07
-0.36199999999999998845 -8.3016976425431848514e-07
-0.35999999999999998668 -8.2558379691910514507e-07
-0.3579999999999999849 -8.2099780194955254451e-07
-0.35599999999999998312 -8.1641178042835016097e-07
-0.35399999999999998135 -8.1182573336668920915e-07
-0.35199999999999997957 -8.0723966175888536044e-07
-0.3499999999999999778 -8.0265356657838212387e-07
-0.34799999999999997602 -7.9806744877242184419e-07
-0.34599999999999997424 -7.934813092158602775e-07
-0.34399999999999997247 -7.8889514874758180824e-07
-0.34199999999999997069 -7.8430896819137203502e-07
-0.33999999999999996891 -7.7972276834659151439e-07
-0.33799999999999996714 -7.7513654996819192428e-07
-0.33599999999999996536 -7.7055031377648595375e-07
-0.33399999999999996358 -7.6596406045537096902e-07
-0.33199999999999996181 -7.6137779069540572106e-07
-0.32999999999999996003 -7.5679150515650680281e-07
-0.32799999999999995826 -7.5220520443330955445e-07
-0.32600000000000001199 -7.4761888913021952357e-07
-0.32400000000000001021 -7.4303255980723306149e-07
-0.32200000000000000844 -7.3844621702301456022e-07
-0.32000000000000000666 -7.3385986130736227009e-07
-0.31800000000000000488 -7.2927349316120893499e-07
-0.31600000000000000311 -7.2468711308371085899e-07
-0.31400000000000000133 -7.2010072153938525141e-07
-0.31199999999999999956 -7.155143189674363772e-07
-0.30999999999999999778 -7.1092790579330167485e-07
-0.307999999999999996 -7.063414824446390797e-07
-0.30599999999999999423 -7.0175504933533980647e-07
-0.30399999999999999245 -6.9716860683310964554e-07
-0.30199999999999999067 -6.925821552878909417e-07
-0.2999999999999999889 -6.8799569507493898411e-07
-0.29799999999999998712 -6.8340922653042939693e-07
-0.29599999999999998535 -6.7882274998121175987e-07
-0.29399999999999998357 -6.7423626575502397838e-07
-0.29199999999999998179 -6.6964977414185625229e-07
-0.28999999999999998002 -6.6506327542770205646e-07
-0.28799999999999997824 -6.6047676988834081309e-07
-0.28599999999999997646 -6.5589025780177233534e-07
-0.28399999999999997469 -6.5130373940869299952e-07
-0.28199999999999997291 -6.4671721493425602147e-07
-0.27999999999999997113 -6.421306846573494343e-07
-0.27799999999999996936 -6.3754414882044594828e-07
-0.27599999999999996758 -6.3295760761672434428e-07
-0.27399999999999996581 -6.2837106124336023402e-07
-0.27199999999999996403 -6.2378450992417466226e-07
-0.26999999999999996225 -6.1919795386700124454e-07
-0.26799999999999996048 -6.1461139324148215136e-07
-0.2659999999999999587 -6.1002482822347666915e-07
-0.26400000000000001243 -6.0543825897863013756e-07
-0.26200000000000001066 -6.00851685686798568e-07
-0.26000000000000000888 -5.9626510849541969164e-07
-0.25800000000000000711 -5.9167852753505569636e-07
-0.25600000000000000533 -5.8709194298822725334e-07
-0.25400000000000000355 -5.8250535500237198788e-07
-0.25200000000000000178 -5.7791876368495942862e-07
-0.24999999999999997224 -5.7333216917454542513e-07
-0.24799999999999999822 -5.6874557158126416582e-07
-0.24599999999999999645 -5.6415897104455961431e-07
-0.24399999999999999467 -5.5957236770387573421e-07
-0.24199999999999999289 -5.5498576163248733408e-07
-0.23999999999999999112 -5.5039915294674571829e-07
-0.23799999999999998934 -5.4581254175900557213e-07
-0.23599999999999998757 -5.412259281563083189e-07
-0.23399999999999998579 -5.3663931222747171587e-07
-0.23199999999999998401 -5.3205269408040956046e-07
-0.22999999999999998224 -5.2746607380305139001e-07
-0.22799999999999998046 -5.2287945146511934516e-07
-0.22599999999999997868 -5.1829282716742156979e-07
-0.22399999999999997691 -5.1370620096724565501e-07
-0.22199999999999997513 -5.0911957294141897143e-07
-0.21999999999999997335 -5.0453294317787126815e-07
-0.21799999999999997158 -4.9994631171301776212e-07
-0.2159999999999999698 -4.9535967861968909901e-07
-0.21399999999999999578 -4.9077304397027186746e-07
-0.211999999999999994 -4.8618640784159343808e-07
-0.20999999999999999223 -4.8159977029316189883e-07
-0.20799999999999999045 -4.7701313136361285766e-07
-0.20599999999999998868 -4.7242649111511890347e-07
-0.2039999999999999869 -4.6783984960407930153e-07
-0.20199999999999998512 -4.6325320685358671109e-07
-0.19999999999999998335 -4.5866656291426728555e-07
-0.19799999999999998157 -4.5407991786827755627e-07
-0.19599999999999997979 -4.4949327174670379122e-07
-0.19399999999999997802 -4.4490662457707948457e-07
-0.19199999999999997624 -4.4031997642024484241e-07
-0.18999999999999997446 -4.3573332731883246232e-07
-0.18799999999999997269 -4.3114667728749728486e-07
-0.18599999999999997091 -4.2656002634933191632e-07
-0.18399999999999999689 -4.2197337455140984217e-07
-0.18199999999999999512 -4.1738672194213677188e-07
-0.17999999999999999334 -4.1280006855481941737e-07
-0.17799999999999999156 -4.0821341442498493449e-07
-0.17599999999999998979 -4.0362675956773232078e-07
-0.17399999999999998801 -3.9904010400126923768e-07
-0.17199999999999998623 -3.9445344777311322767e-07
-0.16999999999999998446 -3.8986679090458056307e-07
-0.16799999999999998268 -3.8528013340943801745e-07
-0.1659999999999999809 -3.8069347533964407409e-07
-0.16399999999999997913 -3.7610681670230406887e-07
-0.16199999999999997735 -3.7152015749875033169e-07
-0.15999999999999997558 -3.6693349776628635234e-07
-0.1579999999999999738 -3.6234683753422201192e-07
-0.15599999999999997202 -3.5776017681943269488e-07
-0.15399999999999997025 -3.531735156414583396e-07
-0.15199999999999996847 -3.4858685401450977664e-07
-0.14999999999999999445 -3.4400019194169566985e-07
-0.14799999999999999267 -3.3941352945987539911e-07
-0.1459999999999999909 -3.3482686658103935104e-07
-0.14399999999999998912 -3.3024020331273707736e-07
-0.14199999999999998734 -3.2565353967362034946e-07
-0.13999999999999998557 -3.2106687569299899547e-07
-0.13799999999999998379 -3.1648021137309351226e-07
-0.13599999999999998201 -3.1189354671079523597e-07
-0.13399999999999998024 -3.0730688175539804307e-07
-0.13199999999999997846 -3.0272021650379337557e-07
-0.12999999999999997669 -2.9813355094931984874e-07
-0.12799999999999997491 -2.9354688512128739659e-07
-0.12599999999999997313 -2.8896021902458096402e-07
-0.12399999999999998523 -2.843735526685264367e-07
-0.12199999999999998346 -2.7978688607710464087e-07
-0.11999999999999998168 -2.7520021927607273672e-07
-0.1179999999999999799 -2.706135522516639507e-07
-0.11599999999999997813 -2.6602688499766100804e-07
-0.11399999999999997635 -2.6144021751761668254e-07
-0.11199999999999998845 -2.5685354983284724656e-07
-0.10999999999999998668 -2.522668819588958076e-07
-0.1079999999999999849 -2.4768021389176553483e-07
-0.10599999999999998312 -2.4309354566121041928e-07
-0.10399999999999998135 -2.3850687726412185003e-07
-0.10199999999999997957 -2.3392020869827938316e-07
-0.099999999999999977796 -2.2933353997967026262e-07
-0.097999999999999976019 -2.247468711256139299e-07
-0.095999999999999974243 -2.2016020214676852116e-07
-0.093999999999999986344 -2.1557353302315004103e-07
-0.091999999999999984568 -2.1098686374632077079e-07
-0.089999999999999982792 -2.0640019434736697843e-07
-0.087999999999999981015 -2.0181352482762091442e-07
-0.085999999999999979239 -1.9722685518841485572e-07
-0.083999999999999977462 -1.9264018545062099116e-07
-0.081999999999999975686 -1.8805351559825210326e-07
-0.079999999999999987788 -1.8346684563841363378e-07
-0.077999999999999986011 -1.7888017558886913417e-07
-0.075999999999999984235 -1.7429350544828635395e-07
-0.073999999999999982458 -1.6970683521089212831e-07
-0.071999999999999980682 -1.6512016488734459341e-07
-0.069999999999999978906 -1.6053349447808783276e-07
-0.067999999999999977129 -1.5594682398090140242e-07
-0.065999999999999975353 -1.5136015340955207594e-07
-0.063999999999999973577 -1.4677348276048715891e-07
-0.061999999999999978739 -1.4218681204791748191e-07
-0.059999999999999983902 -1.3760014126829032405e-07
-0.057999999999999982125 -1.3301347041760890744e-07
-0.055999999999999980349 -1.284267995114163396e-07
-0.053999999999999978573 -1.2384012856081484019e-07
-0.051999999999999976796 -1.1925345755559035653e-07
-0.049999999999999981959 -1.1466678649219020746e-07
-0.047999999999999980183 -1.1008011539814788712e-07
-0.045999999999999978406 -1.0549344425703212102e-07
-0.043999999999999983569 -1.0090677306129337068e-07
-0.041999999999999981792 -9.632010182469842288e-08
-0.039999999999999980016 -9.173343054280637652e-08
-0.03799999999999997824 -8.7146759240042128085e-08
-0.035999999999999976463 -8.256008791907023147e-08
-0.033999999999999981626 -7.7973416568788440546e-08
-0.031999999999999979849 -7.338674517987088286e-08
-0.029999999999999978073 -6.8800073755870279289e-08
-0.027999999999999979766 -6.4213402307000682508e-08
-0.025999999999999981459 -5.9626730819939415692e-08
-0.023999999999999979683 -5.5040059285804689878e-08
-0.021999999999999977907 -5.0453387727689151074e-08
-0.0199999999999999796 -4.5866716171794056202e-08
-0.017999999999999981293 -4.1280044595026765872e-08
-0.015999999999999979516 -3.6693372996499106483e-08
-0.013999999999999979475 -3.2106701401524161356e-08
-0.011999999999999979433 -2.7520029799887881124e-08
-0.0099999999999999793915 -2.2933358193366616302e-08
-0.0079999999999999793499 -1.8346686570858140614e-08
-0.0059999999999999793082 -1.3760014922592489841e-08
-0.0039999999999999792666 -9.173343280544089025e-09
-0.001999999999999979225 -4.5866716380515980993e-09
2.0816681711721685133e-17 0
0.0020000000000000208583 4.5866716380515980993e-09
0.0040000000000000208999 9.173343280544089025e-09
0.0060000000000000209416 1.3760014922592489841e-08
0.0080000000000000209832 1.8346686570858140614e-08
0.010000000000000021025 2.2933358193366616302e-08
0.012000000000000021066 2.7520029799887881124e-08
0.014000000000000021108 3.2106701401524161356e-08
0.01600000000000002115 3.6693372996499106483e-08
0.018000000000000022926 4.1280044595026765872e-08
0.020000000000000021233 4.5866716171794056202e-08
0.02200000000000001954 5.0453387727689151074e-08
0.024000000000000021316 5.5040059285804689878e-08
0.026000000000000023093 5.9626730819939415692e-08
0.0280000000000000214 6.4213402307000682508e-08
0.030000000000000019706 6.8800073755870279289e-08
0.032000000000000021483 7.338674517987088286e-08
0.034000000000000023259 7.7973416568788440546e-08
0.036000000000000018097 8.256008791907023147e-08
0.038000000000000019873 8.7146759240042128085e-08
0.040000000000000021649 9.173343054280637652e-08
0.042000000000000023426 9.632010182469842288e-08
0.044000000000000025202 1.0090677306129337068e-07
0.04600000000000002004 1.0549344425703212102e-07
0.048000000000000021816 1.1008011539814788712e-07
0.050000000000000023592 1.1466678649219020746e-07
0.05200000000000001843 1.1925345755559035653e-07
0.054000000000000020206 1.2384012856081484019e-07
0.056000000000000021982 1.284267995114163396e-07
0.058000000000000023759 1.3301347041760890744e-07
0.060000000000000025535 1.3760014126829032405e-07
0.062000000000000020373 1.4218681204791748191e-07
0.064000000000000029088 1.4677348276048715891e-07
0.066000000000000016986 1.5136015340955207594e-07
0.068000000000000018763 1.5594682398090140242e-07
0.070000000000000020539 1.6053349447808783276e-07
0.072000000000000022315 1.6512016488734459341e-07
0.074000000000000024092 1.6970683521089212831e-07
0.076000000000000025868 1.7429350544828635395e-07
0.078000000000000027645 1.7888017558886913417e-07
0.080000000000000015543 1.8346684563841363378e-07
0.082000000000000017319 1.8805351559825210326e-07
0.084000000000000019096 1.9264018545062099116e-07
0.086000000000000020872 1.9722685518841485572e-07
0.088000000000000022649 2.0181352482762091442e-07
0.090000000000000024425 2.0640019434736697843e-07
0.092000000000000026201 2.1098686374632077079e-07
0.094000000000000027978 2.1557353302315004103e-07
0.096000000000000029754 2.2016020214676852116e-07
0.098000000000000017653 2.247468711256139299e-07
0.10000000000000001943 2.2933353997967026262e-07
0.10200000000000002121 2.3392020869827938316e-07
0.10400000000000002298 2.3850687726412185003e-07
0.10600000000000002476 2.4309354566121041928e-07
0.10800000000000002653 2.4768021389176553483e-07
0.11000000000000002831 2.522668819588958076e-07
0.11200000000000001621 2.5685354983284724656e-07
0.11400000000000001799 2.6144021751761668254e-07
0.11600000000000001976 2.6602688499766100804e-07
0.11800000000000002154 2.706135522516639507e-07
0.12000000000000002331 2.7520021927607273672e-07
0.12200000000000002509 2.7978688607710464087e-07
0.12400000000000002687 2.843735526685264367e-07
0.12600000000000002864 2.8896021902458096402e-07
0.12800000000000003042 2.9354688512128739659e-07
0.1300000000000000322 2.9813355094931984874e-07
0.13200000000000003397 3.0272021650379337557e-07
0.13400000000000003575 3.0730688175539804307e-07
0.13600000000000000977 3.1189354671079523597e-07
0.13800000000000001155 3.1648021137309351226e-07
0.14000000000000001332 3.2106687569299899547e-07
0.1420000000000000151 3.2565353967362034946e-07
0.14400000000000001688 3.3024020331273707736e-07
0.14600000000000001865 3.3482686658103935104e-07
0.14800000000000002043 3.3941352945987539911e-07
0.1500000000000000222 3.4400019194169566985e-07
0.15200000000000002398 3.4858685401450977664e-07
0.15400000000000002576 3.531735156414583396e-07
0.15600000000000002753 3.5776017681943269488e-07
0.15800000000000002931 3.6234683753422201192e-07
0.16000000000000003109 3.6693349776628635234e-07
0.16200000000000003286 3.7152015749875033169e-07
0.16400000000000003464 3.7610681670230406887e-07
0.16600000000000003642 3.8069347533964407409e-07
0.16800000000000003819 3.8528013340943801745e-07
0.17000000000000001221 3.8986679090458056307e-07
0.17200000000000001399 3.9445344777311322767e-07
0.17400000000000001577 3.9904010400126923768e-07
0.17600000000000001754 4.0362675956773232078e-07
0.17800000000000001932 4.0821341442498493449e-07
0.18000000000000002109 4.1280006855481941737e-07
0.18200000000000002287 4.1738672194213677188e-07
0.18400000000000002465 4.2197337455140984217e-07
0.18600000000000002642 4.2656002634933191632e-07
0.1880000000000000282 4.3114667728749728486e-07
0.19000000000000002998 4.3573332731883246232e-07
0.19200000000000003175 4.4031997642024484241e-07
0.19400000000000003353 4.4490662457707948457e-07
0.19600000000000003531 4.4949327174670379122e-07
0.19800000000000003708 4.5407991786827755627e-07
0.2000000000000000111 4.5866656291426728555e-07
0.20200000000000001288 4.6325320685358671109e-07
0.20400000000000001465 4.6783984960407930153e-07
0.20600000000000001643 4.7242649111511890347e-07
0.20800000000000001821 4.7701313136361285766e-07
0.21000000000000001998 4.8159977029316189883e-07
0.21200000000000002176 4.8618640784159343808e-07
0.21400000000000002354 4.9077304397027186746e-07
0.21600000000000002531 4.9535967861968909901e-07
0.21800000000000002709 4.9994631171301776212e-07
0.22000000000000002887 5.0453294317787126815e-07
0.22200000000000003064 5.0911957294141897143e-07
0.22400000000000003242 5.1370620096724565501e-07
0.22600000000000003419 5.1829282716742156979e-07
0.22800000000000003597 5.2287945146511934516e-07
0.23000000000000003775 5.2746607380305139001e-07
0.23200000000000003952 5.3205269408040956046e-07
0.23400000000000001354 5.3663931222747171587e-07
0.23600000000000001532 5.412259281563083189e-07
0.2380000000000000171 5.4581254175900557213e-07
0.24000000000000001887 5.5039915294674571829e-07
0.24200000000000002065 5.5498576163248733408e-07
0.24400000000000002243 5.5957236770387573421e-07
0.2460000000000000242 5.6415897104455961431e-07
0.24800000000000002598 5.6874557158126416582e-07
0.25 5.7333216917454542513e-07
0.25200000000000000178 5.7791876368495942862e-07
0.25400000000000000355 5.8250535500237198788e-07
0.25600000000000000533 5.8709194298822725334e-07
0.25800000000000000711 5.9167852753505569636e-07
0.26000000000000000888 5.9626510849541969164e-07
0.26200000000000001066 6.00851685686798568e-07
0.26400000000000001243 6.0543825897863013756e-07
0.26600000000000001421 6.1002482822347666915e-07
0.26800000000000001599 6.1461139324148215136e-07
0.27000000000000001776 6.1919795386700124454e-07
0.27200000000000001954 6.2378450992417466226e-07
0.27400000000000002132 6.2837106124336023402e-07
0.27600000000000002309 6.3295760761672434428e-07
0.27800000000000002487 6.3754414882044594828e-07
0.28000000000000002665 6.421306846573494343e-07
0.28200000000000002842 6.4671721493425602147e-07
0.2840000000000000302 6.5130373940869299952e-07
0.28600000000000003197 6.5589025780177233534e-07
0.28800000000000003375 6.6047676988834081309e-07
0.29000000000000003553 6.6506327542770205646e-07
0.2920000000000000373 6.6964977414185625229e-07
0.29400000000000003908 6.7423626575502397838e-07
0.29600000000000004086 6.7882274998121175987e-07
0.29800000000000004263 6.8340922653042939693e-07
0.30000000000000004441 6.8799569507493898411e-07
0.30200000000000004619 6.925821552878909417e-07
0.30400000000000004796 6.9716860683310964554e-07
0.30600000000000004974 7.0175504933533980647e-07
0.30800000000000005151 7.063414824446390797e-07
0.31000000000000005329 7.1092790579330167485e-07
0.31200000000000005507 7.155143189674363772e-07
0.31400000000000000133 7.2010072153938525141e-07
0.31600000000000000311 7.2468711308371085899e-07
0.31800000000000000488 7.2927349316120893499e-07
0.32000000000000000666 7.3385986130736227009e-07
0.32200000000000000844 7.3844621702301456022e-07
0.32400000000000001021 7.4303255980723306149e-07
0.32600000000000001199 7.4761888913021952357e-07
0.32800000000000001377 7.5220520443330955445e-07
0.33000000000000001554 7.5679150515650680281e-07
0.33200000000000001732 7.6137779069540572106e-07
0.3340000000000000191 7.6596406045537096902e-07
0.33600000000000002087 7.7055031377648595375e-07
0.33800000000000002265 7.7513654996819192428e-07
0.34000000000000002442 7.7972276834659151439e-07
0.3420000000000000262 7.8430896819137203502e-07
0.34400000000000002798 7.8889514874758180824e-07
0.34600000000000002975 7.934813092158602775e-07
0.34800000000000003153 7.9806744877242184419e-07
0.35000000000000003331 8.0265356657838212387e-07
0.35200000000000003508 8.0723966175888536044e-07
0.35400000000000003686 8.1182573336668920915e-07
0.35600000000000003864 8.1641178042835016097e-07
0.35800000000000004041 8.2099780194955254451e-07
0.36000000000000004219 8.2558379691910514507e-07
0.36200000000000004396 8.3016976425431848514e-07
0.36400000000000004574 8.3475570279567561069e-07
0.36600000000000004752 8.3934161137255740098e-07
0.36800000000000004929 8.439274887654948629e-07
0.37000000000000005107 8.4851333371993595743e-07
0.37200000000000005285 8.5309914490805404878e-07
0.37400000000000005462 8.5768492093452075151e-07
0.37600000000000000089 8.6227066037869473581e-07
0.37800000000000000266 8.6685636174355125241e-07
0.38000000000000000444 8.7144202347744251486e-07
0.38200000000000000622 8.7602764397098930035e-07
0.38400000000000000799 8.8061322154109352049e-07
0.38600000000000000977 8.8519875441361883274e-07
0.38800000000000001155 8.8978424077224030106e-07
0.39000000000000001332 8.9436967874156917024e-07
0.3920000000000000151 8.9895506633075349471e-07
0.39400000000000001688 9.0354040148588078482e-07
0.39600000000000001865 9.0812568207487869154e-07
0.39800000000000002043 9.1271090586309028212e-07
0.4000000000000000222 9.1729607053592264225e-07
0.40200000000000002398 9.2188117369307349952e-07
0.40400000000000002576 9.2646621281300443814e-07
0.40600000000000002753 9.3105118528269451939e-07
0.40800000000000002931 9.3563608840874266013e-07
0.41000000000000003109 9.4022091934364876717e-07
0.41200000000000003286 9.4480567514798648504e-07
0.41400000000000003464 9.4939035277530377486e-07
0.41600000000000003642 9.5397494900240109141e-07
0.41800000000000003819 9.5855946053324845556e-07
0.42000000000000003997 9.6314388391460816134e-07
0.42200000000000004174 9.6772821553869943574e-07
0.42400000000000004352 9.7231245166140604718e-07
0.4260000000000000453 9.7689658839961196337e-07
0.42800000000000004707 9.8148062171654641076e-07
0.43000000000000004885 9.8606454737337784746e-07
0.43200000000000005063 9.9064836100115649483e-07
0.4340000000000000524 9.9523205804219499884e-07
0.43600000000000005418 9.9981563371720503406e-07
0.43800000000000005596 1.0043990830967966253e-06
0.44000000000000005773 1.0089824010468542632e-06
0.442000000000000004 1.0135655821899016144e-06
0.44400000000000000577 1.0181486209388526075e-06
0.44600000000000000755 1.022731511505004248e-06
0.44800000000000000933 1.0273142478460787706e-06
0.4500000000000000111 1.0318968236813224244e-06
0.45200000000000001288 1.0364792324861765772e-06
0.45400000000000001465 1.0410614674403190205e-06
0.45600000000000001643 1.0456435214654119926e-06
0.45800000000000001821 1.0502253872051177071e-06
0.46000000000000001998 1.0548070569891271923e-06
0.46200000000000002176 1.0593885228291639907e-06
0.46400000000000002354 1.0639697764252005328e-06
0.46600000000000002531 1.0685508091379255438e-06
0.46800000000000002709 1.0731316119709796445e-06
0.47000000000000002887 1.0777121755727322149e-06
0.47200000000000003064 1.0822924902029747881e-06
0.47400000000000003242 1.0868725457160451895e-06
0.47600000000000003419 1.0914523315790355688e-06
0.47800000000000003597 1.0960318368322683599e-06
0.48000000000000003775 1.1006110500551011382e-06
0.48200000000000003952 1.1051899593708123057e-06
0.4840000000000000413 1.1097685524248399682e-06
0.48600000000000004308 1.1143468163523638665e-06
0.48800000000000004485 1.1189247377556565626e-06
0.49000000000000004663 1.1235023027182943232e-06
0.49200000000000004841 1.1280794967611927212e-06
0.49400000000000005018 1.1326563048177371139e-06
0.49600000000000005196 1.1372327111862653645e-06
0.49800000000000005373 1.1418086995407258461e-06
0.5 1.1463842529324538818e-06
0.50200000000000000178 1.1509593536778170591e-06
0.50400000000000000355 1.1555339834021802635e-06
0.50600000000000000533 1.1601081230026019237e-06
0.50800000000000000711 1.1646817525665660712e-06
0.51000000000000000888 1.1692548514044006199e-06
0.51200000000000001066 1.1738273979937660039e-06
0.51400000000000001243 1.1783993699197034552e-06
0.51600000000000001421 1.1829707438981715089e-06
0.51800000000000001599 1.1875414956974426158e-06
0.52000000000000001776 1.1921116001065721296e-06
0.52200000000000001954 1.1966810309025363926e-06
0.52400000000000002132 1.2012497607880598825e-06
0.52600000000000002309 1.2058177613853979906e-06
0.52800000000000002487 1.2103850031972572507e-06
0.53000000000000002665 1.2149514555082072687e-06
0.53200000000000002842 1.2195170863851254149e-06
0.5340000000000000302 1.2240818626385604748e-06
0.53600000000000003197 1.2286457497348032178e-06
0.53800000000000003375 1.2332087117408193027e-06
0.54000000000000003553 1.2377707113029330588e-06
0.5420000000000000373 1.2423317095753290108e-06
0.54400000000000003908 1.2468916661534386671e-06
0.54600000000000004086 1.2514505390477388257e-06
0.54800000000000004263 1.2560082845660686288e-06
0.55000000000000004441 1.2605648572812106465e-06
0.55200000000000004619 1.2651202099793762395e-06
0.55400000000000004796 1.2696742935678357688e-06
0.55600000000000004974 1.2742270570189623285e-06
0.55800000000000005151 1.2787784472658719934e-06
0.56000000000000005329 1.2833284091362533924e-06
0.56200000000000005507 1.2878768853026305701e-06
0.56400000000000005684 1.2924238161575734338e-06
0.56600000000000005862 1.2969691397572984881e-06
0.5680000000000000604 1.301512791706205751e-06
0.57000000000000006217 1.3060547050671726703e-06
0.57200000000000006395 1.3105948103069312985e-06
0.57400000000000006573 1.3151330351721672775e-06
0.5760000000000000675 1.31966930458249405e-06
0.57800000000000006928 1.3242035405172106948e-06
0.58000000000000007105 1.3287356619486882914e-06
0.58200000000000007283 1.3332655846669542675e-06
0.58400000000000007461 1.3377932211740000505e-06
0.58600000000000007638 1.3423184806460324097e-06
0.58800000000000007816 1.3468412687283053474e-06
0.59000000000000007994 1.3513614874054450716e-06
0.59200000000000008171 1.3558790349286201983e-06
0.59400000000000008349 1.3603938056476752789e-06
0.59600000000000008527 1.3649056898659142015e-06
0.59800000000000008704 1.3694145736860009694e-06
0.60000000000000008882 1.373920338919809772e-06
0.60199999999999997957 1.3784228628699326252e-06
0.60399999999999998135 1.3829220181817982177e-06
0.60599999999999998312 1.387417672746860281e-06
0.6079999999999999849 1.3919096894539074447e-06
0.60999999999999998668 1.3963979261135684613e-06
0.61199999999999998845 1.4008822352287175727e-06
0.61399999999999999023 1.4053624637808680474e-06
0.61599999999999999201 1.4098384531355810468e-06
0.61799999999999999378 1.4143100388142035868e-06
0.61999999999999999556 1.4187770502829264171e-06
0.62199999999999999734 1.4232393107915794633e-06
0.62399999999999999911 1.4276966371715712709e-06
0.62600000000000000089 1.4321488396689117057e-06
0.62800000000000000266 1.4365957216631028948e-06
0.63000000000000000444 1.4410370794868395818e-06
0.63200000000000000622 1.4454727022825683318e-06
0.63400000000000000799 1.4499023717169376907e-06
0.63600000000000000977 1.4543258617796259539e-06
0.63800000000000001155 1.4587429385630732133e-06
0.64000000000000001332 1.4631533600564236521e-06
0.6420000000000000151 1.4675568759434651999e-06
0.64400000000000001688 1.4719532273264055242e-06
0.64600000000000001865 1.4763421465540103159e-06
0.64800000000000002043 1.4807233569724684531e-06
0.6500000000000000222 1.4850965726873607083e-06
0.65200000000000002398 1.489461498370480967e-06
0.65400000000000002576 1.4938178290107016042e-06
0.65600000000000002753 1.4981652497514373899e-06
0.65800000000000002931 1.5025034356028753633e-06
0.66000000000000003109 1.5068320512496845896e-06
0.66200000000000003286 1.5111507509057985014e-06
0.66400000000000003464 1.5154591780559555012e-06
0.66600000000000003642 1.5197569652478646043e-06
0.66800000000000003819 1.5240437339563148842e-06
0.67000000000000003997 1.5283190943673472428e-06
0.67200000000000004174 1.5325826452103894206e-06
0.67400000000000004352 1.5368339736543388185e-06
0.6760000000000000453 1.5410726551237095498e-06
0.67800000000000004707 1.5452982531924949764e-06
0.68000000000000004885 1.5495103194629320951e-06
0.68200000000000005063 1.5537083934353822419e-06
0.6840000000000000524 1.557892002491012445e-06
0.68600000000000005418 1.5620606618305108964e-06
0.68800000000000005596 1.5662138744465535109e-06
0.69000000000000005773 1.5703511311038196664e-06
0.69200000000000005951 1.5744719103367719183e-06
0.69400000000000006128 1.5785756785646752387e-06
0.69600000000000006306 1.5826618901346733009e-06
0.69800000000000006484 1.5867299874101623909e-06
0.70000000000000006661 1.5907794009817341635e-06
0.70200000000000006839 1.5948095498035106773e-06
0.70400000000000007017 1.5988198414249586776e-06
0.70600000000000007194 1.6028096722995320972e-06
0.70800000000000007372 1.6067784280591189895e-06
0.7100000000000000755 1.6107254838364504325e-06
0.71200000000000007727 1.6146502046820999306e-06
0.71400000000000007905 1.6185519460671928103e-06
0.71600000000000008082 1.622430054331491943e-06
0.7180000000000000826 1.6262838672291836368e-06
0.72000000000000008438 1.6301127145417205847e-06
0.72200000000000008615 1.6339159187137576845e-06
0.72400000000000008793 1.6376927955943367842e-06
0.72600000000000008971 1.6414426551913944089e-06
0.72799999999999998046 1.6451648025093138681e-06
0.72999999999999998224 1.6488585384037970698e-06
0.73199999999999998401 1.6525231604966886903e-06
0.73399999999999998579 1.656157964204485719e-06
0.73599999999999998757 1.6597622437943829851e-06
0.73799999999999998934 1.6633352934487536504e-06
0.73999999999999999112 1.6668764084042391163e-06
0.74199999999999999289 1.6703848861983066605e-06
0.74399999999999999467 1.6738600278989329059e-06
0.74599999999999999645 1.6773011393871334639e-06
0.74799999999999999822 1.6807075327305304084e-06
0.75 1.6840785275036301533e-06
0.75200000000000000178 1.6874134522146815813e-06
0.75400000000000000355 1.6907116457778320115e-06
0.75600000000000000533 1.6939724589102316009e-06
0.75800000000000000711 1.6971952556565920648e-06
0.76000000000000000888 1.7003794148817701143e-06
0.76200000000000001066 1.703524331722495107e-06
0.76400000000000001243 1.7066294191163683374e-06
0.76600000000000001421 1.7096941093059930161e-06
0.76800000000000001599 1.712717855288925904e-06
0.77000000000000001776 1.7157001322694047513e-06
0.77200000000000001954 1.7186404390736603081e-06
0.77400000000000002132 1.7215382995572353077e-06
0.77600000000000002309 1.7243932639541275339e-06
0.77800000000000002487 1.72720491013045364e-06
0.78000000000000002665 1.7299728448301193062e-06
0.78200000000000002842 1.7326967048338919249e-06
0.7840000000000000302 1.7353761580309883349e-06
0.78600000000000003197 1.7380109044382589567e-06
0.78800000000000003375 1.7406006771292230581e-06
0.79000000000000003553 1.7431452430622943937e-06
0.7920000000000000373 1.7456444037748933649e-06
0.79400000000000003908 1.7480979960118328116e-06
0.79600000000000004086 1.7505058922684393492e-06
0.79800000000000004263 1.7528680011857924949e-06
0.80000000000000004441 1.7551842678227293928e-06
0.80200000000000004619 1.7574546738474697133e-06
0.80400000000000004796 1.7596792375931261689e-06
0.80600000000000004974 1.7618580139981968496e-06
0.80800000000000005151 1.7639910944327045111e-06
0.81000000000000005329 1.7660786064044311487e-06
0.81200000000000005507 1.7681207131488022205e-06
0.81400000000000005684 1.7701176131221798914e-06
0.81600000000000005862 1.7720695393865785122e-06
0.8180000000000000604 1.773976758872031483e-06
0.82000000000000006217 1.7758395715510303794e-06
0.82200000000000006395 1.7776583095212577277e-06
0.82400000000000006573 1.779433336007052897e-06
0.8260000000000000675 1.7811650442718378892e-06
0.82800000000000006928 1.7828538564517165479e-06
0.83000000000000007105 1.784500222323349093e-06
0.83200000000000007283 1.7861046180267520092e-06
0.83400000000000007461 1.7876675447197070115e-06
0.83600000000000007638 1.7891895272073026058e-06
0.83800000000000007816 1.7906711124957568335e-06
0.84000000000000007994 1.7921128683455748832e-06
0.84200000000000008171 1.7935153818156027926e-06
0.84400000000000008349 1.7948792577513476525e-06
0.84600000000000008527 1.7962051173019415008e-06
0.84800000000000008704 1.7974935964204523374e-06
0.85000000000000008882 1.7987453443812920745e-06
0.85200000000000009059 1.799961022290075519e-06
0.85400000000000009237 1.8011413016263414788e-06
0.85600000000000009415 1.8022868628084779923e-06
0.8579999999999999849 1.8033983937828517347e-06
0.85999999999999998668 1.8044765886671149237e-06
0.86199999999999998845 1.8055221463986198323e-06
0.86399999999999999023 1.8065357694360134192e-06
0.86599999999999999201 1.8075181625236697335e-06
0.86799999999999999378 1.8084700314843221634e-06
0.86999999999999999556 1.8093920820673186449e-06
0.87199999999999999734 1.8102850188542745755e-06
0.87399999999999999911 1.8111495442034724038e-06
0.87600000000000000089 1.8119863572654276554e-06
0.87800000000000000266 1.8127961530558518186e-06
0.88000000000000000444 1.8135796215641438145e-06
0.88200000000000000622 1.8143374469377089152e-06
0.88400000000000000799 1.8150703067173486675e-06
0.88600000000000000977 1.8157788711220542234e-06
0.88800000000000001155 1.8164638023997488106e-06
0.89000000000000001332 1.8171257542223268484e-06
0.8920000000000000151 1.8177653711326519714e-06
0.89400000000000001688 1.8183832880566137469e-06
0.89600000000000001865 1.8189801298477144825e-06
0.89800000000000002043 1.8195565108892760833e-06
0.9000000000000000222 1.8201130347498270277e-06
0.90200000000000002398 1.820650293861526308e-06
0.90400000000000002576 1.8211688692625358189e-06
0.90600000000000002753 1.8216693303760864246e-06
0.90800000000000002931 1.8221522348204630575e-06
0.91000000000000003109 1.8226181282552942845e-06
0.91200000000000003286 1.8230675442729724245e-06
0.91400000000000003464 1.8235010043223818306e-06
0.91600000000000003642 1.8239190176461703838e-06
0.91800000000000003819 1.8243220812618763276e-06
0.92000000000000003997 1.824710679974085097e-06
0.92200000000000004174 1.8250852863951903079e-06
0.92400000000000004352 1.8254463609977965089e-06
0.9260000000000000453 1.8257943521926011079e-06
0.92800000000000004707 1.8261296964169347266e-06
0.93000000000000004885 1.8264528182473937118e-06
0.93200000000000005063 1.8267641305264603386e-06
0.9340000000000000524 1.8270640345036125697e-06
0.93600000000000005418 1.8273529199881188466e-06
0.93800000000000005596 1.8276311655146271014e-06
0.94000000000000005773 1.827899138521161743e-06
0.94200000000000005951 1.8281571955358078126e-06
0.94400000000000006128 1.8284056823674187576e-06
0.94600000000000006306 1.8286449343069843272e-06
0.94800000000000006484 1.8288752763364068298e-06
0.95000000000000006661 1.8290970233366133163e-06
0.95200000000000006839 1.8293104803036319908e-06
0.95400000000000007017 1.8295159425674733597e-06
0.95600000000000007194 1.829713696012814501e-06
0.95800000000000007372 1.8299040173017653419e-06
0.9600000000000000755 1.8300871740956079081e-06
0.96200000000000007727 1.8302634252793667809e-06
0.96400000000000007905 1.8304330211863516026e-06
0.96600000000000008082 1.830596203820173729e-06
0.9680000000000000826 1.8307532070748763281e-06
0.97000000000000008438 1.8309042569574226188e-06
0.97200000000000008615 1.8310495718043696516e-06
0.97400000000000008793 1.8311893624971548609e-06
0.97600000000000008971 1.8313238326765908538e-06
0.97800000000000009148 1.8314531789522672012e-06
0.98000000000000009326 1.831577591109357555e-06
0.98200000000000009504 1.8316972523125815824e-06
0.98399999999999998579 1.8318123393071131337e-06
0.98599999999999998757 1.8319230226141188573e-06
0.98799999999999998934 1.8320294667234234666e-06
0.98999999999999999112 1.8321318302823582769e-06
0.99199999999999999289 1.8322302662815849874e-06
0.99399999999999999467 1.832324922234688477e-06
0.99599999999999999645 1.8324159403541881331e-06
0.99799999999999999822 1.8325034577253576947e-06
1 1.8325876064733274886e-06
