0.100000
-1 -3.9946507118582523788
-0.99799999999999999822 -3.9919014500118872313
-0.99599999999999999645 -3.9891773658105926792
-0.99399999999999999467 -3.9864576642664566464
-0.99199999999999999289 -3.983732727763425352
-0.98999999999999999112 -3.9809982289859342508
-0.98799999999999998934 -3.9782514051135642319
-0.98599999999999998757 -3.9754902789048003342
-0.98399999999999998579 -3.9727132771588862248
-0.98199999999999998401 -3.9699191018113411111
-0.97999999999999998224 -3.9671066388654940837
-0.97799999999999998046 -3.9642749073286482897
-0.97599999999999997868 -3.9614230253000068949
-0.97399999999999997691 -3.9585501860791212358
-0.97199999999999997513 -3.9556556418894421867
-0.96999999999999997335 -3.9527386915591153915
-0.96799999999999997158 -3.9497986717176227778
-0.9659999999999999698 -3.9468349498896739824
-0.96399999999999996803 -3.943846919256553285
-0.96199999999999996625 -3.9408339944684378509
-0.95999999999999996447 -3.9377956083580998303
-0.9579999999999999627 -3.9347312092775887926
-0.95599999999999996092 -3.9316402589571306514
-0.95399999999999995914 -3.9285222307554539256
-0.95199999999999995737 -3.9253766082265784121
-0.94999999999999995559 -3.9222028839286964264
-0.94799999999999995381 -3.91900055844860562
-0.94599999999999995204 -3.9157691396163296638
-0.94399999999999995026 -3.9125081418545764045
-0.94199999999999994849 -3.9092170855995891365
-0.93999999999999994671 -3.9058954968118717588
-0.93799999999999994493 -3.9025429066568673164
-0.93599999999999994316 -3.8991588513277335437
-0.9340000000000000524 -3.8957428718079558649
-0.93200000000000005063 -3.8922945134604156614
-0.93000000000000004885 -3.8888133257130470533
-0.92800000000000004707 -3.8852988622600568291
-0.9260000000000000453 -3.8817506816562468153
-0.92400000000000004352 -3.8781683474275103762
-0.92200000000000004174 -3.8745514269829968157
-0.92000000000000003997 -3.8708994900370998771
-0.91800000000000003819 -3.8672121086560227177
-0.91600000000000003642 -3.863488860676644876
-0.91400000000000003464 -3.8597293359085549369
-0.91200000000000003286 -3.8559331421148583807
-0.91000000000000003109 -3.8520999074758899283
-0.90800000000000002931 -3.8482292783971376871
-0.90600000000000002753 -3.8443209143174090769
-0.90400000000000002576 -3.8403744824642882527
-0.90200000000000002398 -3.8363896546872786608
-0.9000000000000000222 -3.8323661066819370014
-0.89800000000000002043 -3.8283035186074076961
-0.89600000000000001865 -3.8242015759323839674
-0.89400000000000001688 -3.8200599699250719077
-0.8920000000000000151 -3.8158783978023929073
-0.89000000000000001332 -3.811656562780904256
-0.88800000000000001155 -3.807394174191385261
-0.88600000000000000977 -3.8030909476718681717
-0.88400000000000000799 -3.7987466053876390859
-0.88200000000000000622 -3.7943608762404941182
-0.88000000000000000444 -3.7899334960625417068
-0.87800000000000000266 -3.7854642078044422604
-0.87600000000000000089 -3.7809527617247775666
-0.87399999999999999911 -3.7763989155805242071
-0.87199999999999999734 -3.7718024348161427461
-0.86999999999999999556 -3.7671630927497203878
-0.86799999999999999378 -3.7624806707558704488
-0.86599999999999999201 -3.7577549584454024156
-0.86399999999999999023 -3.7529857538415543061
-0.86199999999999998845 -3.7481728635523738902
-0.85999999999999998668 -3.7433161029388304364
-0.8579999999999999849 -3.7384152962782972729
-0.85599999999999998312 -3.733470276923075204
-0.85399999999999998135 -3.7284808874536330414
-0.85199999999999997957 -3.723446979826237957
-0.8499999999999999778 -3.7183684155146496941
-0.84799999999999997602 -3.7132450656455651128
-0.84599999999999997424 -3.7080768111275053123
-0.84399999999999997247 -3.7028635427728398
-0.84199999999999997069 -3.6976051614126572709
-0.83999999999999996891 -3.6923015780041903433
-0.83799999999999996714 -3.6869527137305135867
-0.83599999999999996536 -3.6815585000922439463
-0.83399999999999996358 -3.6761188789909731156
-0.83199999999999996181 -3.6706338028041765043
-0.82999999999999996003 -3.6651032344513487793
-0.82799999999999995826 -3.6595271474511239518
-0.82599999999999995648 -3.65390552596914997
-0.8239999999999999547 -3.6482383648564935541
-0.82199999999999995293 -3.6425256696783678834
-0.81999999999999995115 -3.6367674567329775215
-0.81799999999999994937 -3.6309637530602985045
-0.8159999999999999476 -3.6251145964406146227
-0.81399999999999994582 -3.6192200353826566861
-0.81199999999999994404 -3.6132801291011960032
-0.80999999999999994227 -3.6072949474839721695
-0.80800000000000005151 -3.6012645710478468075
-0.80600000000000004974 -3.5951890908840993255
-0.80400000000000004796 -3.5890686085928020788
-0.80200000000000004619 -3.5829032362062376293
-0.80000000000000004441 -3.5766930961013474466
-0.79800000000000004263 -3.5704383209012315881
-0.79600000000000004086 -3.5641390533657530959
-0.79400000000000003908 -3.5577954462713381467
-0.7920000000000000373 -3.5514076622800989647
-0.79000000000000003553 -3.5449758737984584656
-0.78800000000000003375 -3.5385002628254844659
-0.78600000000000003197 -3.5319810207911990219
-0.7840000000000000302 -3.5254183483851746495
-0.78200000000000002842 -3.5188124553757682555
-0.78000000000000002665 -3.5121635604204102243
-0.77800000000000002487 -3.5054718908674091793
-0.77600000000000002309 -3.4987376825497902288
-0.77400000000000002132 -3.4919611795717400149
-0.77200000000000001954 -3.4851426340882776245
-0.77000000000000001776 -3.4782823060788241598
-0.76800000000000001599 -3.4713804631153784008
-0.76600000000000001421 -3.4644373801260495149
-0.76400000000000001243 -3.4574533391547266348
-0.76200000000000001066 -3.4504286291176904378
-0.76000000000000000888 -3.4433635455579842954
-0.75800000000000000711 -3.4362583903983754396
-0.75600000000000000533 -3.4291134716937299309
-0.75400000000000000355 -3.421929103383611448
-0.75200000000000000178 -3.4147056050458912679
-0.75 -3.4074433016521283868
-0.74799999999999999822 -3.4001425233254281011
-0.74599999999999999645 -3.3928036051014456298
-0.74399999999999999467 -3.3854268866931382931
-0.74199999999999999289 -3.3780127122598098133
-0.73999999999999999112 -3.3705614301809245781
-0.73799999999999998934 -3.3630733928350942108
-0.73599999999999998757 -3.3555489563845801726
-0.73399999999999998579 -3.3479884805655721891
-0.73199999999999998401 -3.3403923284844516672
-0.72999999999999998224 -3.3327608664201702204
-0.72799999999999998046 -3.3250944636328250148
-0.72599999999999997868 -3.3173934921784495877
-0.72399999999999997691 -3.3096583267299948261
-0.72199999999999997513 -3.3018893444044268293
-0.71999999999999997335 -3.2940869245958301903
-0.71799999999999997158 -3.2862514488143714786
-0.7159999999999999698 -3.2783833005309492847
-0.71399999999999996803 -3.2704828650273314317
-0.71199999999999996625 -3.2625505292515613043
-0.70999999999999996447 -3.2545866816783930453
-0.7079999999999999627 -3.2465917121745091478
-0.70599999999999996092 -3.2385660118682504383
-0.70399999999999995914 -3.2305099730235884437
-0.70199999999999995737 -3.2224239889180545937
-0.69999999999999995559 -3.2143084537243349352
-0.69799999999999995381 -3.2061637623952390364
-0.69599999999999995204 -3.1979903105517379913
-0.69399999999999995026 -3.1897884943737779828
-0.69199999999999994849 -3.1815587104935625362
-0.68999999999999994671 -3.1733013558910077023
-0.68799999999999994493 -3.1650168277910761816
-0.68599999999999994316 -3.1567055235626990672
-0.68399999999999994138 -3.1483678406190072074
-0.6819999999999999396 -3.1400041763185995158
-0.67999999999999993783 -3.1316149278675937673
-0.67800000000000004707 -3.1232004922222142973
-0.6760000000000000453 -3.1147612659916981137
-0.67400000000000004352 -3.1062976453413075895
-0.67200000000000004174 -3.0978100258952725454
-0.67000000000000003997 -3.0892988026395005186
-0.66800000000000003819 -3.0807643698239206564
-0.66600000000000003642 -3.0722071208643506601
-0.66400000000000003464 -3.0636274482438046185
-0.66200000000000003286 -3.0550257434131871115
-0.66000000000000003109 -3.0464023966913384989
-0.65800000000000002931 -3.037757797164432727
-0.65600000000000002753 -3.0290923325847445291
-0.65400000000000002576 -3.0204063892688379767
-0.65200000000000002398 -3.0117003519952398882
-0.6500000000000000222 -3.0029746039016949055
-0.64800000000000002043 -2.99422952638211326
-0.64600000000000001865 -2.9854654989833386836
-0.64400000000000001688 -2.9766828993018861205
-0.6420000000000000151 -2.9678821028808060056
-0.64000000000000001332 -2.9590634831068487465
-0.63800000000000001155 -2.9502274111081074892
-0.63600000000000000977 -2.9413742556523292393
-0.63400000000000000799 -2.9325043830460861827
-0.63200000000000000622 -2.9236181570350034953
-0.63000000000000000444 -2.9147159387052412605
-0.62800000000000000266 -2.9057980863864267818
-0.62600000000000000089 -2.8968649555562286935
-0.62399999999999999911 -2.8879168987467678242
-0.62199999999999999734 -2.8789542654530406729
-0.61999999999999999556 -2.8699774020435375732
-0.61799999999999999378 -2.8609866516732185282
-0.61599999999999999201 -2.8519823541990092508
-0.61399999999999999023 -2.8429648460979621838
-0.61199999999999998845 -2.8339344603882232754
-0.60999999999999998668 -2.8248915265529306318
-0.6079999999999999849 -2.8158363704671605099
-0.60599999999999998312 -2.806769314328024123
-0.60399999999999998135 -2.79769067658800763
-0.60199999999999997957 -2.7886007718916352438
-0.5999999999999999778 -2.7794999110155194089
-0.59799999999999997602 -2.7703884008118584426
-0.59599999999999997424 -2.7612665441554216095
-0.59399999999999997247 -2.7521346398940571554
-0.59199999999999997069 -2.7429929828027419525
-0.58999999999999996891 -2.7338418635411874114
-0.58799999999999996714 -2.7246815686150043234
-0.58599999999999996536 -2.7155123803404155325
-0.58399999999999996358 -2.7063345768125053326
-0.58199999999999996181 -2.6971484318769727295
-0.57999999999999996003 -2.6879542151053561483
-0.57799999999999995826 -2.6787521917736869526
-0.57599999999999995648 -2.669542622844529145
-0.5739999999999999547 -2.6603257649523563977
-0.57199999999999995293 -2.651101870392201576
-0.56999999999999995115 -2.641871187111504149
-0.56799999999999994937 -2.6326339587050759938
-0.5659999999999999476 -2.6233904244131029948
-0.56399999999999994582 -2.614140819122126036
-0.56199999999999994404 -2.6048853733689476542
-0.55999999999999994227 -2.5956243133473946294
-0.55799999999999994049 -2.5863578609178219381
-0.55599999999999993872 -2.5770862336191999731
-0.55399999999999993694 -2.5678096446836242706
-0.55200000000000004619 -2.5585283030531544846
-0.55000000000000004441 -2.5492424133989870505
-0.54800000000000004263 -2.5399521761430445821
-0.54600000000000004086 -2.530657787481997989
-0.54400000000000003908 -2.5213594394135596666
-0.5420000000000000373 -2.5120573197646312025
-0.54000000000000003553 -2.5027516122207531524
-0.53800000000000003375 -2.493442496356405691
-0.53600000000000003197 -2.4841301476660846426
-0.5340000000000000302 -2.4748147375965854344
-0.53200000000000002842 -2.4654964335813209786
-0.53000000000000002665 -2.4561753990775563317
-0.52800000000000002487 -2.4468517936070881547
-0.52600000000000002309 -2.4375257728002561741
-0.52400000000000002132 -2.4281974884425281402
-0.52200000000000001954 -2.4188670885225067586
-0.52000000000000001776 -2.4095347172802261682
-0.51800000000000001599 -2.400200515254979905
-0.51600000000000001421 -2.3908646193324458729
-0.51400000000000001243 -2.3815271627913512376
-0.51200000000000001066 -2.3721882753501404295
-0.51000000000000000888 -2.3628480832141098844
-0.50800000000000000711 -2.3535067091232724223
-0.50600000000000000533 -2.3441642724009943421
-0.50400000000000000355 -2.3348208890032817742
-0.50200000000000000178 -2.3254766715685275535
-0.5 -2.316131729467554301
-0.49799999999999999822 -2.3067861688538484621
-0.49599999999999999645 -2.2974400927139346784
-0.49399999999999999467 -2.2880936009178620694
-0.49199999999999999289 -2.2787467902697811084
-0.48999999999999999112 -2.2693997545585689046
-0.48799999999999998934 -2.2600525846084562609
-0.48599999999999998757 -2.2507053683296018853
-0.48399999999999998579 -2.2413581907685622419
-0.48199999999999998401 -2.2320111341586117426
-0.47999999999999998224 -2.2226642779698759789
-0.47799999999999998046 -2.2133176989592349138
-0.47599999999999997868 -2.2039714712199680591
-0.47399999999999997691 -2.1946256662310994479
-0.47199999999999997513 -2.1852803529064139809
-0.46999999999999997335 -2.1759355976431096202
-0.46799999999999997158 -2.1665914643700587838
-0.4659999999999999698 -2.1572480145956483
-0.46399999999999996803 -2.1479053074551761604
-0.46199999999999996625 -2.1385633997577766507
-0.45999999999999996447 -2.1292223460328569828
-0.4579999999999999627 -2.119882198576015675
-0.45599999999999996092 -2.1105430074944271368
-0.45400000000000001465 -2.1012048207516742515
-0.45200000000000001288 -2.0918676842120098591
-0.4500000000000000111 -2.0825316416840355949
-0.44800000000000000933 -2.0731967349637896447
-0.44600000000000000755 -2.0638630038772238784
-0.44400000000000000577 -2.0545304863220663627
-0.442000000000000004 -2.0451992183090488275
-0.44000000000000000222 -2.0358692340024941991
-0.43800000000000000044 -2.0265405657602588718
-0.43599999999999999867 -2.0172132441730279417
-0.43399999999999999689 -2.0078872981029678435
-0.43199999999999999512 -1.9985627547217323929
-0.42999999999999999334 -1.9892396395478197935
-0.42799999999999999156 -1.9799179764832697259
-0.42599999999999998979 -1.9705977878496938605
-0.42399999999999998801 -1.9612790944236417889
-0.42199999999999998623 -1.951961915471318143
-0.41999999999999998446 -1.9426462687826684395
-0.41799999999999998268 -1.9333321707048534144
-0.4159999999999999809 -1.9240196361751102927
-0.41399999999999997913 -1.9147086787529916663
-0.41199999999999997735 -1.9053993106519657719
-0.40999999999999997558 -1.8960915427703779468
-0.4079999999999999738 -1.8867853847217996854
-0.40599999999999997202 -1.8774808448648094839
-0.40399999999999997025 -1.8681779303322523234
-0.40199999999999996847 -1.8588766470599893399
-0.39999999999999996669 -1.8495769998151125879
-0.39799999999999996492 -1.8402789922235758269
-0.39599999999999996314 -1.8309826267972164615
-0.39399999999999996136 -1.8216879049602123786
-0.3920000000000000151 -1.812394827075083148
-0.39000000000000001332 -1.8031033924683637082
-0.38800000000000001155 -1.7938135994559978315
-0.38600000000000000977 -1.7845254453683530027
-0.38400000000000000799 -1.7752389265746255642
-0.38200000000000000622 -1.765954038506403645
-0.38000000000000000444 -1.7566707756803454643
-0.37800000000000000266 -1.7473891317202692175
-0.37600000000000000089 -1.7381090993792578381
-0.37399999999999999911 -1.7288306705624121307
-0.37199999999999999734 -1.7195538363505002977
-0.36999999999999999556 -1.7102785870240040378
-0.36799999999999999378 -1.7010049120862722472
-0.36599999999999999201 -1.6917328002841578449
-0.36399999999999999023 -1.6824622396250188405
-0.36199999999999998845 -1.6731932173903778516
-0.35999999999999998668 -1.663925720148397458
-0.3579999999999999849 -1.6546597337687654061
-0.35599999999999998312 -1.6453952434436514007
-0.35399999999999998135 -1.636132233716530715
-0.35199999999999997957 -1.6268706885171153598
-0.3499999999999999778 -1.6176105911965497075
-0.34799999999999997602 -1.6083519245541508802
-0.34599999999999997424 -1.5990946708469691018
-0.34399999999999997247 -1.5898388117771333761
-0.34199999999999997069 -1.5805843284587957065
-0.33999999999999996891 -1.5713312013745346363
-0.33799999999999996714 -1.5620794103375845729
-0.33599999999999996536 -1.552828934478582612
-0.33399999999999996358 -1.5435797522722478625
-0.33199999999999996181 -1.5343318416108959745
-0.32999999999999996003 -1.5250851799201823322
-0.32799999999999995826 -1.515839744301305192
-0.32600000000000001199 -1.5065955116764788713
-0.32400000000000001021 -1.4973524589130591256
-0.32200000000000000844 -1.4881105629066533336
-0.32000000000000000666 -1.4788698006132892093
-0.31800000000000000488 -1.4696301490323331329
-0.31600000000000000311 -1.4603915851520268276
-0.31400000000000000133 -1.4511540858757003836
-0.31199999999999999956 -1.4419176279477463609
-0.30999999999999999778 -1.4326821878947912925
-0.307999999999999996 -1.4234477419908833085
-0.30599999999999999423 -1.414214266248201568
-0.30399999999999999245 -1.4049817364288277322
-0.30199999999999999067 -1.3957501280697584001
-0.2999999999999999889 -1.3865194165128222892
-0.29799999999999998712 -1.3772895769328774573
-0.29599999999999998535 -1.3680605843605095906
-0.29399999999999998357 -1.3588324136983049861
-0.29199999999999998179 -1.3496050397318504199
-0.28999999999999998002 -1.3403784371376088469
-0.28799999999999997824 -1.3311525804898314274
-0.28599999999999997646 -1.321927444268029328
-0.28399999999999997469 -1.3127030028656352378
-0.28199999999999997291 -1.3034792305996913964
-0.27999999999999997113 -1.2942561017209490704
-0.27799999999999996936 -1.2850335904237584206
-0.27599999999999996758 -1.2758116708554483321
-0.27399999999999996581 -1.2665903171252543835
-0.27199999999999996403 -1.2573695033129517196
-0.26999999999999996225 -1.2481492034771211053
-0.26799999999999996048 -1.2389293916627124315
-0.2659999999999999587 -1.2297100419076854028
-0.26400000000000001243 -1.2204911282491233138
-0.26200000000000001066 -1.2112726247298550852
-0.26000000000000000888 -1.2020545054064888379
-0.25800000000000000711 -1.1928367443585377039
-0.25600000000000000533 -1.1836193156967487194
-0.25400000000000000355 -1.174402193568427677
-0.25200000000000000178 -1.1651853521595316732
-0.24999999999999997224 -1.1559687656966861624
-0.24799999999999999822 -1.1467524084542279894
-0.24599999999999999645 -1.1375362547690697212
-0.24399999999999999467 -1.1283202790597797183
-0.24199999999999999289 -1.1191044558401324061
-0.23999999999999999112 -1.1098887597177062858
-0.23799999999999998934 -1.100673165377798135
-0.23599999999999998757 -1.0914576475674437894
-0.23399999999999998579 -1.0822421811026730065
-0.23199999999999998401 -1.073026740913986643
-0.22999999999999998224 -1.0638113021200439334
-0.22799999999999998046 -1.054595840091366199
-0.22599999999999997868 -1.0453803304561242182
-0.22399999999999997691 -1.0361647490241048253
-0.22199999999999997513 -1.0269490716579841028
-0.21999999999999997335 -1.0177332741757409984
-0.21799999999999997158 -1.0085173323875982199
-0.2159999999999999698 -0.99930122233167795187
-0.21399999999999999578 -0.99008492068252285101
-0.211999999999999994 -0.98086840520620399708
-0.20999999999999999223 -0.97165165507847017778
-0.20799999999999999045 -0.96243465090529545236
-0.20599999999999998868 -0.95321737438613352023
-0.2039999999999999869 -0.94399980769646130163
-0.20199999999999998512 -0.93478193277569776587
-0.19999999999999998335 -0.92556373073984821165
-0.19799999999999998157 -0.91634518158312261438
-0.19599999999999997979 -0.90712626421865694137
-0.19399999999999997802 -0.89790695678880105834
-0.19199999999999997624 -0.88868723709994157378
-0.18999999999999997446 -0.8794670830287445451
-0.18799999999999997269 -0.87024647279619438134
-0.18599999999999997091 -0.8610253850804028275
-0.18399999999999999689 -0.85180379900303315743
-0.18199999999999999512 -0.84258169405499461213
-0.17999999999999999334 -0.8333590500225818154
-0.17799999999999999156 -0.82413584694887953574
-0.17599999999999998979 -0.81491206513551117663
-0.17399999999999998801 -0.8056876851703352882
-0.17199999999999998623 -0.79646268796176322713
-0.16999999999999998446 -0.78723705476617700239
-0.16799999999999998268 -0.77801076720432804645
-0.1659999999999999809 -0.7687838072696906444
-0.16399999999999997913 -0.75955615733420378533
-0.16199999999999997735 -0.75032780015553868225
-0.15999999999999997558 -0.74109871888732026246
-0.1579999999999999738 -0.7318688970915900871
-0.15599999999999997202 -0.72263831875204609378
-0.15399999999999997025 -0.71340696828694949438
-0.15199999999999996847 -0.70417483056134111408
-0.14999999999999999445 -0.69494189089877256293
-0.14799999999999999267 -0.6857081350929248309
-0.1459999999999999909 -0.67647354941936499451
-0.14399999999999998912 -0.66723812064749155049
-0.14199999999999998734 -0.65800183605258844022
-0.13999999999999998557 -0.64876468342788551347
-0.13799999999999998379 -0.6395266510965641471
-0.13599999999999998201 -0.6302877279236970276
-0.13399999999999998024 -0.62104790332813486486
-0.13199999999999997846 -0.61180716729435313805
-0.12999999999999997669 -0.6025655103842556537
-0.12799999999999997491 -0.5933229237489237029
-0.12599999999999997313 -0.58407939914029272099
-0.12399999999999998523 -0.57483492892274012931
-0.12199999999999998346 -0.56558950608457070341
-0.11999999999999998168 -0.55634312424938714425
-0.1179999999999999799 -0.54709577768733042014
-0.11599999999999997813 -0.53784746132617544667
-0.11399999999999997635 -0.52859817076226289778
-0.11199999999999998845 -0.51934790227124805195
-0.10999999999999998668 -0.51009665281864469133
-0.1079999999999999849 -0.50084442007014295939
-0.10599999999999998312 -0.49159120240167564209
-0.10399999999999998135 -0.48233699890920833653
-0.10199999999999997957 -0.47308180941822558507
-0.099999999999999977796 -0.46382563449288422008
-0.097999999999999976019 -0.4545684754448029441
-0.095999999999999974243 -0.44531033434145594896
-0.093999999999999986344 -0.4360512140141366566
-0.091999999999999984568 -0.4267911180654558323
-0.089999999999999982792 -0.41753005087633743297
-0.087999999999999981015 -0.40826801761247383249
-0.085999999999999979239 -0.39900502423020051124
-0.083999999999999977462 -0.38974107748174985355
-0.081999999999999975686 -0.38047618491984253053
-0.079999999999999987788 -0.37121035490157350267
-0.077999999999999986011 -0.36194359659154973219
-0.075999999999999984235 -0.3526759199642363618
-0.073999999999999982458 -0.34340733580546739523
-0.071999999999999980682 -0.33413785571307719202
-0.069999999999999978906 -0.32486749209660947812
-0.067999999999999977129 -0.31559625817606123954
-0.065999999999999975353 -0.30632416797961925514
-0.063999999999999973577 -0.29705123634034874547
-0.061999999999999978739 -0.28777747889179455809
-0.059999999999999983902 -0.27850291206245730846
-0.057999999999999982125 -0.26922755306910922668
-0.055999999999999980349 -0.25995141990891612593
-0.053999999999999978573 -0.2506745313503355721
-0.051999999999999976796 -0.24139690692276341566
-0.049999999999999981959 -0.23211856690490501043
-0.047999999999999980183 -0.22283953231185085753
-0.045999999999999978406 -0.213559824880840049
-0.043999999999999983569 -0.20427946705569974273
-0.041999999999999981792 -0.19499848196995300809
-0.039999999999999980016 -0.18571689342859218352
-0.03799999999999997824 -0.17643472588852054939
-0.035999999999999976463 -0.16715200443766933813
-0.033999999999999981626 -0.1578687547728037377
-0.031999999999999979849 -0.14858500317603501317
-0.029999999999999978073 -0.13930077649006580853
-0.027999999999999979766 -0.13001610209219366388
-0.025999999999999981459 -0.12073100786711668531
-0.023999999999999979683 -0.11144552217856813769
-0.021999999999999977907 -0.10215967383985405381
-0.0199999999999999796 -0.092873492083297606858
-0.017999999999999981293 -0.083587006528736573774
-0.015999999999999979516 -0.074300247150978118715
-0.013999999999999979475 -0.065013244246563586803
-0.011999999999999979433 -0.055726028399400356905
-0.0099999999999999793915 -0.046438630446314424494
-0.0079999999999999793499 -0.037151081441251891657
-0.0059999999999999793082 -0.027863412622290837511
-0.0039999999999999792666 -0.018575655372415764838
-0.001999999999999979225 -0.0092878411663784837121
2.0816681711721685133e-17 0
0.0020000000000000208583 0.0092878411663784837121
0.0040000000000000208999 0.018575655372415764838
0.0060000000000000209416 0.027863412622290837511
0.0080000000000000209832 0.037151081441251891657
0.010000000000000021025 0.046438630446314424494
0.012000000000000021066 0.055726028399400356905
0.014000000000000021108 0.065013244246563586803
0.01600000000000002115 0.074300247150978118715
0.018000000000000022926 0.083587006528736573774
0.020000000000000021233 0.092873492083297606858
0.02200000000000001954 0.10215967383985405381
0.024000000000000021316 0.11144552217856813769
0.026000000000000023093 0.12073100786711668531
0.0280000000000000214 0.13001610209219366388
0.030000000000000019706 0.13930077649006580853
0.032000000000000021483 0.14858500317603501317
0.034000000000000023259 0.1578687547728037377
0.036000000000000018097 0.16715200443766933813
0.038000000000000019873 0.17643472588852054939
0.040000000000000021649 0.18571689342859218352
0.042000000000000023426 0.19499848196995300809
0.044000000000000025202 0.20427946705569974273
0.04600000000000002004 0.213559824880840049
0.048000000000000021816 0.22283953231185085753
0.050000000000000023592 0.23211856690490501043
0.05200000000000001843 0.24139690692276341566
0.054000000000000020206 0.2506745313503355721
0.056000000000000021982 0.25995141990891612593
0.058000000000000023759 0.26922755306910922668
0.060000000000000025535 0.27850291206245730846
0.062000000000000020373 0.28777747889179455809
0.064000000000000029088 0.29705123634034874547
0.066000000000000016986 0.30632416797961925514
0.068000000000000018763 0.31559625817606123954
0.070000000000000020539 0.32486749209660947812
0.072000000000000022315 0.33413785571307719202
0.074000000000000024092 0.34340733580546739523
0.076000000000000025868 0.3526759199642363618
0.078000000000000027645 0.36194359659154973219
0.080000000000000015543 0.37121035490157350267
0.082000000000000017319 0.38047618491984253053
0.084000000000000019096 0.38974107748174985355
0.086000000000000020872 0.39900502423020051124
0.088000000000000022649 0.40826801761247383249
0.090000000000000024425 0.41753005087633743297
0.092000000000000026201 0.4267911180654558323
0.094000000000000027978 0.4360512140141366566
0.096000000000000029754 0.44531033434145594896
0.098000000000000017653 0.4545684754448029441
0.10000000000000001943 0.46382563449288422008
0.10200000000000002121 0.47308180941822558507
0.10400000000000002298 0.48233699890920833653
0.10600000000000002476 0.49159120240167564209
0.10800000000000002653 0.50084442007014295939
0.11000000000000002831 0.51009665281864469133
0.11200000000000001621 0.51934790227124805195
0.11400000000000001799 0.52859817076226289778
0.11600000000000001976 0.53784746132617544667
0.11800000000000002154 0.54709577768733042014
0.12000000000000002331 0.55634312424938714425
0.12200000000000002509 0.56558950608457070341
0.12400000000000002687 0.57483492892274012931
0.12600000000000002864 0.58407939914029272099
0.12800000000000003042 0.5933229237489237029
0.1300000000000000322 0.6025655103842556537
0.13200000000000003397 0.61180716729435313805
0.13400000000000003575 0.62104790332813486486
0.13600000000000000977 0.6302877279236970276
0.13800000000000001155 0.6395266510965641471
0.14000000000000001332 0.64876468342788551347
0.1420000000000000151 0.65800183605258844022
0.14400000000000001688 0.66723812064749155049
0.14600000000000001865 0.67647354941936499451
0.14800000000000002043 0.6857081350929248309
0.1500000000000000222 0.69494189089877256293
0.15200000000000002398 0.70417483056134111408
0.15400000000000002576 0.71340696828694949438
0.15600000000000002753 0.72263831875204609378
0.15800000000000002931 0.7318688970915900871
0.16000000000000003109 0.74109871888732026246
0.16200000000000003286 0.75032780015553868225
0.16400000000000003464 0.75955615733420378533
0.16600000000000003642 0.7687838072696906444
0.16800000000000003819 0.77801076720432804645
0.17000000000000001221 0.78723705476617700239
0.17200000000000001399 0.79646268796176322713
0.17400000000000001577 0.8056876851703352882
0.17600000000000001754 0.81491206513551117663
0.17800000000000001932 0.82413584694887953574
0.18000000000000002109 0.8333590500225818154
0.18200000000000002287 0.84258169405499461213
0.18400000000000002465 0.85180379900303315743
0.18600000000000002642 0.8610253850804028275
0.1880000000000000282 0.87024647279619438134
0.19000000000000002998 0.8794670830287445451
0.19200000000000003175 0.88868723709994157378
0.19400000000000003353 0.89790695678880105834
0.19600000000000003531 0.90712626421865694137
0.19800000000000003708 0.91634518158312261438
0.2000000000000000111 0.92556373073984821165
0.20200000000000001288 0.93478193277569776587
0.20400000000000001465 0.94399980769646130163
0.20600000000000001643 0.95321737438613352023
0.20800000000000001821 0.96243465090529545236
0.21000000000000001998 0.97165165507847017778
0.21200000000000002176 0.98086840520620399708
0.21400000000000002354 0.99008492068252285101
0.21600000000000002531 0.99930122233167795187
0.21800000000000002709 1.0085173323875982199
0.22000000000000002887 1.0177332741757409984
0.22200000000000003064 1.0269490716579841028
0.22400000000000003242 1.0361647490241048253
0.22600000000000003419 1.0453803304561242182
0.22800000000000003597 1.054595840091366199
0.23000000000000003775 1.0638113021200439334
0.23200000000000003952 1.073026740913986643
0.23400000000000001354 1.0822421811026730065
0.23600000000000001532 1.0914576475674437894
0.2380000000000000171 1.100673165377798135
0.24000000000000001887 1.1098887597177062858
0.24200000000000002065 1.1191044558401324061
0.24400000000000002243 1.1283202790597797183
0.2460000000000000242 1.1375362547690697212
0.24800000000000002598 1.1467524084542279894
0.25 1.1559687656966861624
0.25200000000000000178 1.1651853521595316732
0.25400000000000000355 1.174402193568427677
0.25600000000000000533 1.1836193156967487194
0.25800000000000000711 1.1928367443585377039
0.26000000000000000888 1.2020545054064888379
0.26200000000000001066 1.2112726247298550852
0.26400000000000001243 1.2204911282491233138
0.26600000000000001421 1.2297100419076854028
0.26800000000000001599 1.2389293916627124315
0.27000000000000001776 1.2481492034771211053
0.27200000000000001954 1.2573695033129517196
0.27400000000000002132 1.2665903171252543835
0.27600000000000002309 1.2758116708554483321
0.27800000000000002487 1.2850335904237584206
0.28000000000000002665 1.2942561017209490704
0.28200000000000002842 1.3034792305996913964
0.2840000000000000302 1.3127030028656352378
0.28600000000000003197 1.321927444268029328
0.28800000000000003375 1.3311525804898314274
0.29000000000000003553 1.3403784371376088469
0.2920000000000000373 1.3496050397318504199
0.29400000000000003908 1.3588324136983049861
0.29600000000000004086 1.3680605843605095906
0.29800000000000004263 1.3772895769328774573
0.30000000000000004441 1.3865194165128222892
0.30200000000000004619 1.3957501280697584001
0.30400000000000004796 1.4049817364288277322
0.30600000000000004974 1.414214266248201568
0.30800000000000005151 1.4234477419908833085
0.31000000000000005329 1.4326821878947912925
0.31200000000000005507 1.4419176279477463609
0.31400000000000000133 1.4511540858757003836
0.31600000000000000311 1.4603915851520268276
0.31800000000000000488 1.4696301490323331329
0.32000000000000000666 1.4788698006132892093
0.32200000000000000844 1.4881105629066533336
0.32400000000000001021 1.4973524589130591256
0.32600000000000001199 1.5065955116764788713
0.32800000000000001377 1.515839744301305192
0.33000000000000001554 1.5250851799201823322
0.33200000000000001732 1.5343318416108959745
0.3340000000000000191 1.5435797522722478625
0.33600000000000002087 1.552828934478582612
0.33800000000000002265 1.5620794103375845729
0.34000000000000002442 1.5713312013745346363
0.3420000000000000262 1.5805843284587957065
0.34400000000000002798 1.5898388117771333761
0.34600000000000002975 1.5990946708469691018
0.34800000000000003153 1.6083519245541508802
0.35000000000000003331 1.6176105911965497075
0.35200000000000003508 1.6268706885171153598
0.35400000000000003686 1.636132233716530715
0.35600000000000003864 1.6453952434436514007
0.35800000000000004041 1.6546597337687654061
0.36000000000000004219 1.663925720148397458
0.36200000000000004396 1.6731932173903778516
0.36400000000000004574 1.6824622396250188405
0.36600000000000004752 1.6917328002841578449
0.36800000000000004929 1.7010049120862722472
0.37000000000000005107 1.7102785870240040378
0.37200000000000005285 1.7195538363505002977
0.37400000000000005462 1.7288306705624121307
0.37600000000000000089 1.7381090993792578381
0.37800000000000000266 1.7473891317202692175
0.38000000000000000444 1.7566707756803454643
0.38200000000000000622 1.765954038506403645
0.38400000000000000799 1.7752389265746255642
0.38600000000000000977 1.7845254453683530027
0.38800000000000001155 1.7938135994559978315
0.39000000000000001332 1.8031033924683637082
0.3920000000000000151 1.812394827075083148
0.39400000000000001688 1.8216879049602123786
0.39600000000000001865 1.8309826267972164615
0.39800000000000002043 1.8402789922235758269
0.4000000000000000222 1.8495769998151125879
0.40200000000000002398 1.8588766470599893399
0.40400000000000002576 1.8681779303322523234
0.40600000000000002753 1.8774808448648094839
0.40800000000000002931 1.8867853847217996854
0.41000000000000003109 1.8960915427703779468
0.41200000000000003286 1.9053993106519657719
0.41400000000000003464 1.9147086787529916663
0.41600000000000003642 1.9240196361751102927
0.41800000000000003819 1.9333321707048534144
0.42000000000000003997 1.9426462687826684395
0.42200000000000004174 1.951961915471318143
0.42400000000000004352 1.9612790944236417889
0.4260000000000000453 1.9705977878496938605
0.42800000000000004707 1.9799179764832697259
0.43000000000000004885 1.9892396395478197935
0.43200000000000005063 1.9985627547217323929
0.4340000000000000524 2.0078872981029678435
0.43600000000000005418 2.0172132441730279417
0.43800000000000005596 2.0265405657602588718
0.44000000000000005773 2.0358692340024941991
0.442000000000000004 2.0451992183090488275
0.44400000000000000577 2.0545304863220663627
0.44600000000000000755 2.0638630038772238784
0.44800000000000000933 2.0731967349637896447
0.4500000000000000111 2.0825316416840355949
0.45200000000000001288 2.0918676842120098591
0.45400000000000001465 2.1012048207516742515
0.45600000000000001643 2.1105430074944271368
0.45800000000000001821 2.119882198576015675
0.46000000000000001998 2.1292223460328569828
0.46200000000000002176 2.1385633997577766507
0.46400000000000002354 2.1479053074551761604
0.46600000000000002531 2.1572480145956483
0.46800000000000002709 2.1665914643700587838
0.47000000000000002887 2.1759355976431096202
0.47200000000000003064 2.1852803529064139809
0.47400000000000003242 2.1946256662310994479
0.47600000000000003419 2.2039714712199680591
0.47800000000000003597 2.2133176989592349138
0.48000000000000003775 2.2226642779698759789
0.48200000000000003952 2.2320111341586117426
0.4840000000000000413 2.2413581907685622419
0.48600000000000004308 2.2507053683296018853
0.48800000000000004485 2.2600525846084562609
0.49000000000000004663 2.2693997545585689046
0.49200000000000004841 2.2787467902697811084
0.49400000000000005018 2.2880936009178620694
0.49600000000000005196 2.2974400927139346784
0.49800000000000005373 2.3067861688538484621
0.5 2.316131729467554301
0.50200000000000000178 2.3254766715685275535
0.50400000000000000355 2.3348208890032817742
0.50600000000000000533 2.3441642724009943421
0.50800000000000000711 2.3535067091232724223
0.51000000000000000888 2.3628480832141098844
0.51200000000000001066 2.3721882753501404295
0.51400000000000001243 2.3815271627913512376
0.51600000000000001421 2.3908646193324458729
0.51800000000000001599 2.400200515254979905
0.52000000000000001776 2.4095347172802261682
0.52200000000000001954 2.4188670885225067586
0.52400000000000002132 2.4281974884425281402
0.52600000000000002309 2.4375257728002561741
0.52800000000000002487 2.4468517936070881547
0.53000000000000002665 2.4561753990775563317
0.53200000000000002842 2.4654964335813209786
0.5340000000000000302 2.4748147375965854344
0.53600000000000003197 2.4841301476660846426
0.53800000000000003375 2.493442496356405691
0.54000000000000003553 2.5027516122207531524
0.5420000000000000373 2.5120573197646312025
0.54400000000000003908 2.5213594394135596666
0.54600000000000004086 2.530657787481997989
0.54800000000000004263 2.5399521761430445821
0.55000000000000004441 2.5492424133989870505
0.55200000000000004619 2.5585283030531544846
0.55400000000000004796 2.5678096446836242706
0.55600000000000004974 2.5770862336191999731
0.55800000000000005151 2.5863578609178219381
0.56000000000000005329 2.5956243133473946294
0.56200000000000005507 2.6048853733689476542
0.56400000000000005684 2.614140819122126036
0.56600000000000005862 2.6233904244131029948
0.5680000000000000604 2.6326339587050759938
0.57000000000000006217 2.641871187111504149
0.57200000000000006395 2.651101870392201576
0.57400000000000006573 2.6603257649523563977
0.5760000000000000675 2.669542622844529145
0.57800000000000006928 2.6787521917736869526
0.58000000000000007105 2.6879542151053561483
0.58200000000000007283 2.6971484318769727295
0.58400000000000007461 2.7063345768125053326
0.58600000000000007638 2.7155123803404155325
0.58800000000000007816 2.7246815686150043234
0.59000000000000007994 2.7338418635411874114
0.59200000000000008171 2.7429929828027419525
0.59400000000000008349 2.7521346398940571554
0.59600000000000008527 2.7612665441554216095
0.59800000000000008704 2.7703884008118584426
0.60000000000000008882 2.7794999110155194089
0.60199999999999997957 2.7886007718916352438
0.60399999999999998135 2.79769067658800763
0.60599999999999998312 2.806769314328024123
0.6079999999999999849 2.8158363704671605099
0.60999999999999998668 2.8248915265529306318
0.61199999999999998845 2.8339344603882232754
0.61399999999999999023 2.8429648460979621838
0.61599999999999999201 2.8519823541990092508
0.61799999999999999378 2.8609866516732185282
0.61999999999999999556 2.8699774020435375732
0.62199999999999999734 2.8789542654530406729
0.62399999999999999911 2.8879168987467678242
0.62600000000000000089 2.8968649555562286935
0.62800000000000000266 2.9057980863864267818
0.63000000000000000444 2.9147159387052412605
0.63200000000000000622 2.9236181570350034953
0.63400000000000000799 2.9325043830460861827
0.63600000000000000977 2.9413742556523292393
0.63800000000000001155 2.9502274111081074892
0.64000000000000001332 2.9590634831068487465
0.6420000000000000151 2.9678821028808060056
0.64400000000000001688 2.9766828993018861205
0.64600000000000001865 2.9854654989833386836
0.64800000000000002043 2.99422952638211326
0.6500000000000000222 3.0029746039016949055
0.65200000000000002398 3.0117003519952398882
0.65400000000000002576 3.0204063892688379767
0.65600000000000002753 3.0290923325847445291
0.65800000000000002931 3.037757797164432727
0.66000000000000003109 3.0464023966913384989
0.66200000000000003286 3.0550257434131871115
0.66400000000000003464 3.0636274482438046185
0.66600000000000003642 3.0722071208643506601
0.66800000000000003819 3.0807643698239206564
0.67000000000000003997 3.0892988026395005186
0.67200000000000004174 3.0978100258952725454
0.67400000000000004352 3.1062976453413075895
0.6760000000000000453 3.1147612659916981137
0.67800000000000004707 3.1232004922222142973
0.68000000000000004885 3.1316149278675937673
0.68200000000000005063 3.1400041763185995158
0.6840000000000000524 3.1483678406190072074
0.68600000000000005418 3.1567055235626990672
0.68800000000000005596 3.1650168277910761816
0.69000000000000005773 3.1733013558910077023
0.69200000000000005951 3.1815587104935625362
0.69400000000000006128 3.1897884943737779828
0.69600000000000006306 3.1979903105517379913
0.69800000000000006484 3.2061637623952390364
0.70000000000000006661 3.2143084537243349352
0.70200000000000006839 3.2224239889180545937
0.70400000000000007017 3.2305099730235884437
0.70600000000000007194 3.2385660118682504383
0.70800000000000007372 3.2465917121745091478
0.7100000000000000755 3.2545866816783930453
0.71200000000000007727 3.2625505292515613043
0.71400000000000007905 3.2704828650273314317
0.71600000000000008082 3.2783833005309492847
0.7180000000000000826 3.2862514488143714786
0.72000000000000008438 3.2940869245958301903
0.72200000000000008615 3.3018893444044268293
0.72400000000000008793 3.3096583267299948261
0.72600000000000008971 3.3173934921784495877
0.72799999999999998046 3.3250944636328250148
0.72999999999999998224 3.3327608664201702204
0.73199999999999998401 3.3403923284844516672
0.73399999999999998579 3.3479884805655721891
0.73599999999999998757 3.3555489563845801726
0.73799999999999998934 3.3630733928350942108
0.73999999999999999112 3.3705614301809245781
0.74199999999999999289 3.3780127122598098133
0.74399999999999999467 3.3854268866931382931
0.74599999999999999645 3.3928036051014456298
0.74799999999999999822 3.4001425233254281011
0.75 3.4074433016521283868
0.75200000000000000178 3.4147056050458912679
0.75400000000000000355 3.421929103383611448
0.75600000000000000533 3.4291134716937299309
0.75800000000000000711 3.4362583903983754396
0.76000000000000000888 3.4433635455579842954
0.76200000000000001066 3.4504286291176904378
0.76400000000000001243 3.4574533391547266348
0.76600000000000001421 3.4644373801260495149
0.76800000000000001599 3.4713804631153784008
0.77000000000000001776 3.4782823060788241598
0.77200000000000001954 3.4851426340882776245
0.77400000000000002132 3.4919611795717400149
0.77600000000000002309 3.4987376825497902288
0.77800000000000002487 3.5054718908674091793
0.78000000000000002665 3.5121635604204102243
0.78200000000000002842 3.5188124553757682555
0.7840000000000000302 3.5254183483851746495
0.78600000000000003197 3.5319810207911990219
0.78800000000000003375 3.5385002628254844659
0.79000000000000003553 3.5449758737984584656
0.7920000000000000373 3.5514076622800989647
0.79400000000000003908 3.5577954462713381467
0.79600000000000004086 3.5641390533657530959
0.79800000000000004263 3.5704383209012315881
0.80000000000000004441 3.5766930961013474466
0.80200000000000004619 3.5829032362062376293
0.80400000000000004796 3.5890686085928020788
0.80600000000000004974 3.5951890908840993255
0.80800000000000005151 3.6012645710478468075
0.81000000000000005329 3.6072949474839721695
0.81200000000000005507 3.6132801291011960032
0.81400000000000005684 3.6192200353826566861
0.81600000000000005862 3.6251145964406146227
0.8180000000000000604 3.6309637530602985045
0.82000000000000006217 3.6367674567329775215
0.82200000000000006395 3.6425256696783678834
0.82400000000000006573 3.6482383648564935541
0.8260000000000000675 3.65390552596914997
0.82800000000000006928 3.6595271474511239518
0.83000000000000007105 3.6651032344513487793
0.83200000000000007283 3.6706338028041765043
0.83400000000000007461 3.6761188789909731156
0.83600000000000007638 3.6815585000922439463
0.83800000000000007816 3.6869527137305135867
0.84000000000000007994 3.6923015780041903433
0.84200000000000008171 3.6976051614126572709
0.84400000000000008349 3.7028635427728398
0.84600000000000008527 3.7080768111275053123
0.84800000000000008704 3.7132450656455651128
0.85000000000000008882 3.7183684155146496941
0.85200000000000009059 3.723446979826237957
0.85400000000000009237 3.7284808874536330414
0.85600000000000009415 3.733470276923075204
0.8579999999999999849 3.7384152962782972729
0.85999999999999998668 3.7433161029388304364
0.86199999999999998845 3.7481728635523738902
0.86399999999999999023 3.7529857538415543061
0.86599999999999999201 3.7577549584454024156
0.86799999999999999378 3.7624806707558704488
0.86999999999999999556 3.7671630927497203878
0.87199999999999999734 3.7718024348161427461
0.87399999999999999911 3.7763989155805242071
0.87600000000000000089 3.7809527617247775666
0.87800000000000000266 3.7854642078044422604
0.88000000000000000444 3.7899334960625417068
0.88200000000000000622 3.7943608762404941182
0.88400000000000000799 3.7987466053876390859
0.88600000000000000977 3.8030909476718681717
0.88800000000000001155 3.807394174191385261
0.89000000000000001332 3.811656562780904256
0.8920000000000000151 3.8158783978023929073
0.89400000000000001688 3.8200599699250719077
0.89600000000000001865 3.8242015759323839674
0.89800000000000002043 3.8283035186074076961
0.9000000000000000222 3.8323661066819370014
0.90200000000000002398 3.8363896546872786608
0.90400000000000002576 3.8403744824642882527
0.90600000000000002753 3.8443209143174090769
0.90800000000000002931 3.8482292783971376871
0.91000000000000003109 3.8520999074758899283
0.91200000000000003286 3.8559331421148583807
0.91400000000000003464 3.8597293359085549369
0.91600000000000003642 3.863488860676644876
0.91800000000000003819 3.8672121086560227177
0.92000000000000003997 3.8708994900370998771
0.92200000000000004174 3.8745514269829968157
0.92400000000000004352 3.8781683474275103762
0.9260000000000000453 3.8817506816562468153
0.92800000000000004707 3.8852988622600568291
0.93000000000000004885 3.8888133257130470533
0.93200000000000005063 3.8922945134604156614
0.9340000000000000524 3.8957428718079558649
0.93600000000000005418 3.8991588513277335437
0.93800000000000005596 3.9025429066568673164
0.94000000000000005773 3.9058954968118717588
0.94200000000000005951 3.9092170855995891365
0.94400000000000006128 3.9125081418545764045
0.94600000000000006306 3.9157691396163296638
0.94800000000000006484 3.91900055844860562
0.95000000000000006661 3.9222028839286964264
0.95200000000000006839 3.9253766082265784121
0.95400000000000007017 3.9285222307554539256
0.95600000000000007194 3.9316402589571306514
0.95800000000000007372 3.9347312092775887926
0.9600000000000000755 3.9377956083580998303
0.96200000000000007727 3.9408339944684378509
0.96400000000000007905 3.943846919256553285
0.96600000000000008082 3.9468349498896739824
0.9680000000000000826 3.9497986717176227778
0.97000000000000008438 3.9527386915591153915
0.97200000000000008615 3.9556556418894421867
0.97400000000000008793 3.9585501860791212358
0.97600000000000008971 3.9614230253000068949
0.97800000000000009148 3.9642749073286482897
0.98000000000000009326 3.9671066388654940837
0.98200000000000009504 3.9699191018113411111
0.98399999999999998579 3.9727132771588862248
0.98599999999999998757 3.9754902789048003342
0.98799999999999998934 3.9782514051135642319
0.98999999999999999112 3.9809982289859342508
0.99199999999999999289 3.983732727763425352
0.99399999999999999467 3.9864576642664566464
0.99599999999999999645 3.9891773658105926792
0.99799999999999999822 3.9919014500118872313
1 3.9946507118582523788
