0.100000
-1 0.3460968987797969354
-0.99799999999999999822 0.34121856281146939471
-0.99599999999999999645 0.33980248751218433689
-0.99399999999999999467 0.34012289852185678685
-0.99199999999999999289 0.34111122723597986361
-0.98999999999999999112 0.34251346713684388545
-0.98799999999999998934 0.34419250095561787495
-0.98599999999999998757 0.34608905123535238513
-0.98399999999999998579 0.34816138524312090219
-0.98199999999999998401 0.35038245164313197577
-0.97999999999999998224 0.35273328481865290351
-0.97799999999999998046 0.35519959939277756522
-0.97599999999999997868 0.35777090776753839307
-0.97399999999999997691 0.36043889745391183288
-0.97199999999999997513 0.36319714996588337019
-0.96999999999999997335 0.36604043261578594892
-0.96799999999999997158 0.3689645277573603277
-0.9659999999999999698 0.37196592922988552798
-0.96399999999999996803 0.37504172905026622598
-0.96199999999999996625 0.37818946797864483322
-0.95999999999999996447 0.38140705960581727796
-0.9579999999999999627 0.38469271052195436189
-0.95599999999999996092 0.38804486959261946799
-0.95399999999999995914 0.3914621808265164038
-0.95199999999999995737 0.39494345139234277031
-0.94999999999999995559 0.39848762307814611372
-0.94799999999999995381 0.40209374694453020593
-0.94599999999999995204 0.40576096112446186082
-0.94399999999999995026 0.40948847931385806698
-0.94199999999999994849 0.41327558443293666013
-0.93999999999999994671 0.41712161249642543126
-0.93799999999999994493 0.42102592625467566423
-0.93599999999999994316 0.42498790602878194766
-0.9340000000000000524 0.42900697391562014893
-0.93200000000000005063 0.43308261296938255214
-0.93000000000000004885 0.43721432387271974562
-0.92800000000000004707 0.44140153937488330049
-0.9260000000000000453 0.44564361157766274601
-0.92400000000000004352 0.44993994560645012015
-0.92200000000000004174 0.45429016552198164813
-0.92000000000000003997 0.4586940709523009696
-0.91800000000000003819 0.46315127431694363969
-0.91600000000000003642 0.46766072052755452981
-0.91400000000000003464 0.47222047149492696327
-0.91200000000000003286 0.47682797692921652377
-0.91000000000000003109 0.48148068281291223069
-0.90800000000000002931 0.4861765868751580788
-0.90600000000000002753 0.49091443305700477318
-0.90400000000000002576 0.49569353022314593948
-0.90200000000000002398 0.50051341402925009216
-0.9000000000000000222 0.5053735873061184769
-0.89800000000000002043 0.51027343132623359523
-0.89600000000000001865 0.5152122374296654872
-0.89400000000000001688 0.52018926439839119347
-0.8920000000000000151 0.52520376627137688175
-0.89000000000000001332 0.53025498910073665115
-0.88800000000000001155 0.53534215827900299978
-0.88600000000000000977 0.54046447160028376899
-0.88400000000000000799 0.54562109945696923852
-0.88200000000000000622 0.55081118732922251802
-0.88000000000000000444 0.55603385715887032603
-0.87800000000000000266 0.56128820736595419483
-0.87600000000000000089 0.56657331255022447269
-0.87399999999999999911 0.57188822351310342196
-0.87199999999999999734 0.57723196758226380521
-0.86999999999999999556 0.5826035490232870373
-0.86799999999999999378 0.58800194943924444235
-0.86599999999999999201 0.59342612817778972456
-0.86399999999999999023 0.59887502278423887514
-0.86199999999999998845 0.60434754951089386665
-0.85999999999999998668 0.60984260387499467093
-0.8579999999999999849 0.61535906125833983449
-0.85599999999999998312 0.62089577754721281266
-0.85399999999999998135 0.62645158981329540637
-0.85199999999999997957 0.63202531703546660502
-0.8499999999999999778 0.63761576086163018751
-0.84799999999999997602 0.64322170640949238862
-0.84599999999999997424 0.64884192310545729665
-0.84399999999999997247 0.65447516556086626771
-0.84199999999999997069 0.66012017448471249637
-0.83999999999999996891 0.665775677632062024
-0.83799999999999996714 0.67144039078715167523
-0.83599999999999996536 0.67711301878027585488
-0.83399999999999996358 0.68279225653743003122
-0.83199999999999996181 0.68847679016168583654
-0.82999999999999996003 0.69416529804522553171
-0.82799999999999995826 0.6998564520109737952
-0.82599999999999995648 0.70554891848257494935
-0.8239999999999999547 0.71124135968150425935
-0.82199999999999995293 0.71693243484989710446
-0.81999999999999995115 0.72262080149764906789
-0.81799999999999994937 0.72830511667213948535
-0.8159999999999999476 0.73398403824882241242
-0.81399999999999994582 0.73965622624069138347
-0.81199999999999994404 0.74532034412450443028
-0.80999999999999994227 0.75097506018146986673
-0.80800000000000005151 0.75661904884988440134
-0.80600000000000004974 0.76225099208701208031
-0.80400000000000004796 0.76786958073732480834
-0.80200000000000004619 0.77347351590379664898
-0.80000000000000004441 0.7790615103187441548
-0.79800000000000004263 0.78463228971020315683
-0.79600000000000004086 0.79018459415937236656
-0.79400000000000003908 0.79571717944440967241
-0.7920000000000000373 0.80122881836533044186
-0.79000000000000003553 0.80671830204474570536
-0.78800000000000003375 0.81218444119879662502
-0.78600000000000003197 0.81762606737251752875
-0.7840000000000000302 0.82304203413357379659
-0.78200000000000002842 0.82843121821801668503
-0.78000000000000002665 0.83379252062145126079
-0.77800000000000002487 0.83912486762879923141
-0.77600000000000002309 0.8444272117759343832
-0.77400000000000002132 0.84969853273667150795
-0.77200000000000001954 0.85493783812892421015
-0.77000000000000001776 0.86014416423442874304
-0.76800000000000001599 0.86531657662702365919
-0.76600000000000001421 0.87045417070522634884
-0.76400000000000001243 0.87555607212547270635
-0.76200000000000001066 0.88062143713359974928
-0.76000000000000000888 0.88564945279299100989
-0.75800000000000000711 0.89063933710922227327
-0.75600000000000000533 0.89559033905210438942
-0.75400000000000000355 0.90050173847752890133
-0.75200000000000000178 0.90537284595250411279
-0.75 0.9102030024882243886
-0.74799999999999999822 0.91499157918684115298
-0.74599999999999999645 0.91973797680877522609
-0.74399999999999999467 0.92444162526807527325
-0.74199999999999999289 0.92910198306399494061
-0.73999999999999999112 0.93371853665732196248
-0.73799999999999998934 0.93829079980022089824
-0.73599999999999998757 0.94281831282833927776
-0.73399999999999998579 0.94730064192367291476
-0.73199999999999998401 0.95173737835646499139
-0.72999999999999998224 0.9561281377138435289
-0.72799999999999998046 0.96047255912241702447
-0.72599999999999997868 0.96477030447141309821
-0.72399999999999997691 0.96902105764224744089
-0.72199999999999997513 0.97322452374971524236
-0.71999999999999997335 0.97738042839941696727
-0.71799999999999997158 0.98148851696523564669
-0.7159999999999999698 0.98554855389029993873
-0.71399999999999996803 0.98956032201412325033
-0.71199999999999996625 0.99352362192844378974
-0.70999999999999996447 0.99743827136362650521
-0.7079999999999999627 1.0013041046073949403
-0.70599999999999996092 1.0051209719573066526
-0.70399999999999995914 1.0088887392081642425
-0.70199999999999995737 1.0126072871753095672
-0.69999999999999995559 1.016276511254571302
-0.69799999999999995381 1.0198963210194551543
-0.69599999999999995204 1.0234666398558101008
-0.69399999999999995026 1.0269874046341973539
-0.69199999999999994849 1.030458565419717365
-0.68999999999999994671 1.033880085219024636
-0.68799999999999994493 1.0372519397638937377
-0.68599999999999994316 1.0405741173303857394
-0.68399999999999994138 1.0438466185925872054
-0.6819999999999999396 1.0470694565093223716
-0.67999999999999993783 1.0502426562421645073
-0.67800000000000004707 1.0533662551026532483
-0.6760000000000000453 1.0564403025263724434
-0.67400000000000004352 1.0594648600712806008
-0.67200000000000004174 1.0624400014375043888
-0.67000000000000003997 1.0653658125054792372
-0.66800000000000003819 1.0682423913894665279
-0.66600000000000003642 1.0710698485030587523
-0.66400000000000003464 1.0738483066334107985
-0.66200000000000003286 1.0765779010209497457
-0.66000000000000003109 1.0792587794411696578
-0.65800000000000002931 1.0818911022853021642
-0.65600000000000002753 1.0844750426367069096
-0.65400000000000002576 1.0870107863399249837
-0.65200000000000002398 1.0894985320596082268
-0.6500000000000000222 1.0919384913265914872
-0.64800000000000002043 1.0943308885687961229
-0.64600000000000001865 1.0966759611248124706
-0.64400000000000001688 1.0989739592383169775
-0.6420000000000000151 1.1012251460316835328
-0.64000000000000001332 1.1034297974576299239
-0.63800000000000001155 1.1055882022276934951
-0.63600000000000000977 1.1077006617168725366
-0.63400000000000000799 1.1097674898438842916
-0.63200000000000000622 1.1117890129267546939
-0.63000000000000000444 1.1137655695137507195
-0.62800000000000000266 1.1156975101899240244
-0.62600000000000000089 1.1175851973596089284
-0.62399999999999999911 1.1194290050056492358
-0.62199999999999999734 1.1212293184261441503
-0.61999999999999999556 1.1229865339496580834
-0.61799999999999999378 1.1247010586300743018
-0.61599999999999999201 1.1263733099222155154
-0.61399999999999999023 1.1280037153395192639
-0.61199999999999998845 1.1295927120951569922
-0.60999999999999998668 1.1311407467279519512
-0.6079999999999999849 1.1326482747145714125
-0.60599999999999998312 1.1341157600695388474
-0.60399999999999998135 1.1355436749345322323
-0.60199999999999997957 1.1369324991585698648
-0.5999999999999999778 1.1382827198704124072
-0.59799999999999997602 1.1395948310448806851
-0.59599999999999997424 1.1408693330643333574
-0.59399999999999997247 1.1421067322767934904
-0.59199999999999997069 1.1433075405520161105
-0.58999999999999996891 1.1444722748365661058
-0.58799999999999996714 1.1456014567092480672
-0.58599999999999996536 1.1466956119379854151
-0.58399999999999996358 1.1477552700395903251
-0.58199999999999996181 1.1487809638435342308
-0.57999999999999996003 1.1497732290605964245
-0.57799999999999995826 1.1507326038567347037
-0.57599999999999995648 1.1516596284326987565
-0.5739999999999999547 1.1525548446104627587
-0.57199999999999995293 1.1534187954282821842
-0.56999999999999995115 1.1542520247460259508
-0.56799999999999994937 1.1550550768609590957
-0.5659999999999999476 1.1558284961322511375
-0.56399999999999994582 1.1565728266119672529
-0.56199999999999994404 1.157288611682624424
-0.55999999999999994227 1.1579763937056593015
-0.55799999999999994049 1.1586367136875579398
-0.55599999999999993872 1.1592701109679774962
-0.55399999999999993694 1.1598771229259103865
-0.55200000000000004619 1.1604582846915791894
-0.55000000000000004441 1.1610141288502828782
-0.54800000000000004263 1.1615451851353839618
-0.54600000000000004086 1.1620519801263036186
-0.54400000000000003908 1.1625350369833187258
-0.5420000000000000373 1.1629948752488186159
-0.54000000000000003553 1.1634320107206939099
-0.53800000000000003375 1.1638469553661612288
-0.53600000000000003197 1.1642402172140711158
-0.5340000000000000302 1.1646123001606936143
-0.53200000000000002842 1.1649637036553968095
-0.53000000000000002665 1.1652949222857245104
-0.52800000000000002487 1.1656064453312993123
-0.52600000000000002309 1.1658987563766483042
-0.52400000000000002132 1.1661723330553324107
-0.52200000000000001954 1.1664276469500680644
-0.52000000000000001776 1.1666651636200759956
-0.51800000000000001599 1.1668853426915357652
-0.51600000000000001421 1.1670886379419389556
-0.51400000000000001243 1.1672754973317573945
-0.51200000000000001066 1.1674463629709275203
-0.51000000000000000888 1.1676016710366556861
-0.50800000000000000711 1.167741851672691622
-0.50600000000000000533 1.1678673288968299815
-0.50400000000000000355 1.1679785205313331087
-0.50200000000000000178 1.1680758381572653448
-0.5 1.168159687086097076
-0.49799999999999999822 1.1682304663403662026
-0.49599999999999999645 1.1682885686381241364
-0.49399999999999999467 1.1683343803800438909
-0.49199999999999999289 1.1683682816402389815
-0.48999999999999999112 1.1683906461628568163
-0.48799999999999998934 1.1684018413653145529
-0.48599999999999998757 1.1684022283482784488
-0.48399999999999998579 1.1683921619116646173
-0.48199999999999998401 1.168371990575918673
-0.47999999999999998224 1.1683420566080431335
-0.47799999999999998046 1.1683026960521734061
-0.47599999999999997868 1.1682542387645040716
-0.47399999999999997691 1.1681970084525947762
-0.47199999999999997513 1.1681313227187513082
-0.46999999999999997335 1.1680574931072966738
-0.46799999999999997158 1.1679758251554035464
-0.4659999999999999698 1.167886618447191438
-0.46399999999999996803 1.1677901666708871975
-0.46199999999999996625 1.1676867576789431435
-0.45999999999999996447 1.1675766735509638394
-0.4579999999999999627 1.167460190659410868
-0.45599999999999996092 1.1673375797377023577
-0.45400000000000001465 1.1672091059504794419
-0.45200000000000001288 1.1670750289656486309
-0.4500000000000000111 1.1669356030278850156
-0.44800000000000000933 1.1667910770336473725
-0.44600000000000000755 1.1666416946077537986
-0.44400000000000000577 1.1664876941815804923
-0.442000000000000004 1.1663293090727713253
-0.44000000000000000222 1.1661667675658309307
-0.43800000000000000044 1.1660002929929706994
-0.43599999999999999867 1.1658301038147145245
-0.43399999999999999689 1.1656564137003333492
-0.43199999999999999512 1.1654794316085836936
-0.42999999999999999334 1.1652993618695901556
-0.42799999999999999156 1.1651164042679063026
-0.42599999999999998979 1.1649307541260496279
-0.42399999999999998801 1.1647426023869429379
-0.42199999999999998623 1.164552135693985857
-0.41999999999999998446 1.1643595364684178328
-0.41799999999999998268 1.164164982985319341
-0.4159999999999999809 1.1639686494504397629
-0.41399999999999997913 1.1637707060792137348
-0.41199999999999997735 1.1635713191772767416
-0.40999999999999997558 1.1633706512196602123
-0.4079999999999999738 1.1631688609249053457
-0.40599999999999997202 1.1629661033226328382
-0.40399999999999997025 1.1627625298166721635
-0.40199999999999996847 1.162558288249091687
-0.39999999999999996669 1.162353522970086761
-0.39799999999999996492 1.1621483749140988362
-0.39599999999999996314 1.1619429816757300689
-0.39399999999999996136 1.1617374775753075422
-0.3920000000000000151 1.1615319937070045508
-0.39000000000000001332 1.1613266579728487304
-0.38800000000000001155 1.1611215951186171225
-0.38600000000000000977 1.1609169267926127134
-0.38400000000000000799 1.1607127716392444672
-0.38200000000000000622 1.160509245416212476
-0.38000000000000000444 1.1603064610983568894
-0.37800000000000000266 1.160104528920710143
-0.37600000000000000089 1.1599035563321200559
-0.37399999999999999911 1.1597036478793154579
-0.37199999999999999734 1.1595049050986414585
-0.36999999999999999556 1.1593074265254383892
-0.36799999999999999378 1.1591113079074988335
-0.36599999999999999201 1.1589166426210835148
-0.36399999999999999023 1.1587235221636831284
-0.36199999999999998845 1.1585320364965483453
-0.35999999999999998668 1.1583422739985231864
-0.3579999999999999849 1.1581543209095073177
-0.35599999999999998312 1.1579682603690129028
-0.35399999999999998135 1.1577841714111496429
-0.35199999999999997957 1.1576021284426851743
-0.3499999999999999778 1.1574222016987314454
-0.34799999999999997602 1.1572444589009527327
-0.34599999999999997424 1.1570689678945074164
-0.34399999999999997247 1.1568957995644060244
-0.34199999999999997069 1.1567250300200009328
-0.33999999999999996891 1.1565567410452484154
-0.33799999999999996714 1.1563910181922798515
-0.33599999999999996536 1.156227946558184394
-0.33399999999999996358 1.15606760502547945
-0.33199999999999996181 1.1559100603124818907
-0.32999999999999996003 1.1557553623659146957
-0.32799999999999995826 1.1556035423533475015
-0.32600000000000001199 1.155454613853245327
-0.32400000000000001021 1.1553085770016753298
-0.32200000000000000844 1.1551654245997937664
-0.32000000000000000666 1.1550251487412319662
-0.31800000000000000488 1.1548877464978117846
-0.31600000000000000311 1.1547532235787820731
-0.31400000000000000133 1.1546215955028489297
-0.31199999999999999956 1.1544928864856647266
-0.30999999999999999778 1.1543671267530883906
-0.307999999999999996 1.1542443492238809721
-0.30599999999999999423 1.1541245864465625726
-0.30399999999999999245 1.1540078683969177131
-0.30199999999999999067 1.1538942213703886619
-0.2999999999999999889 1.1537836678636217425
-0.29799999999999998712 1.1536762271226077559
-0.29599999999999998535 1.1535719159693762492
-0.29399999999999998357 1.1534707495817682066
-0.29199999999999998179 1.1533727420318569123
-0.28999999999999998002 1.1532779065285336806
-0.28799999999999997824 1.1531862554158147649
-0.28599999999999997646 1.1530978000347180679
-0.28399999999999997469 1.1530125505637978112
-0.28199999999999997291 1.1529305159221538979
-0.27999999999999997113 1.1528517037634280484
-0.27799999999999996936 1.152776120534228399
-0.27599999999999996758 1.1527037715432921772
-0.27399999999999996581 1.1526346610051927399
-0.27199999999999996403 1.1525687920704890121
-0.26999999999999996225 1.1525061668871852127
-0.26799999999999996048 1.152446786715007887
-0.2659999999999999587 1.152390652041768826
-0.26400000000000001243 1.1523377625987276662
-0.26200000000000001066 1.1522881172183458975
-0.26000000000000000888 1.1522417136232148138
-0.25800000000000000711 1.1521985483645447168
-0.25600000000000000533 1.1521586170827156081
-0.25400000000000000355 1.152121914997551233
-0.25200000000000000178 1.1520884372264339479
-0.24999999999999997224 1.1520581784849364126
-0.24799999999999999822 1.152031132129599289
-0.24599999999999999645 1.1520072891599466569
-0.24399999999999999467 1.1519866381625667451
-0.24199999999999999289 1.1519691667492739651
-0.23999999999999999112 1.1519548638572643107
-0.23799999999999998934 1.1519437211197727233
-0.23599999999999998757 1.1519357314688349891
-0.23399999999999998579 1.1519308847238380888
-0.23199999999999998401 1.1519291624477558944
-0.22999999999999998224 1.1519305360379301639
-0.22799999999999998046 1.1519349711315123308
-0.22599999999999997868 1.1519424376789575426
-0.22399999999999997691 1.1519529203258807026
-0.22199999999999997513 1.1519664212043079221
-0.21999999999999997335 1.1519829493564932577
-0.21799999999999997158 1.152002497679186277
-0.2159999999999999698 1.1520250163008609601
-0.21399999999999999578 1.1520503959879213607
-0.211999999999999994 1.152078473091800781
-0.20999999999999999223 1.1521090588416653677
-0.20799999999999999045 1.1521419844520277564
-0.20599999999999998868 1.1521771453384661577
-0.2039999999999999869 1.1522145270795822736
-0.20199999999999998512 1.1522542031112974481
-0.19999999999999998335 1.1522963058510917733
-0.19799999999999998157 1.1523409833303057681
-0.19599999999999997979 1.1523883577860991601
-0.19399999999999997802 1.1524384996778631596
-0.19199999999999997624 1.1524914225370039844
-0.18999999999999997446 1.1525470952622596243
-0.18799999999999997269 1.1526054628752837594
-0.18599999999999997091 1.1526664660726069211
-0.18399999999999999689 1.1527300532698092628
-0.18199999999999999512 1.1527961837398141842
-0.17999999999999999334 1.1528648243633923265
-0.17799999999999999156 1.1529359440621782529
-0.17599999999999998979 1.1530095092799188539
-0.17399999999999998801 1.1530854820140403749
-0.17199999999999998623 1.1531638201289799994
-0.16999999999999998446 1.1532444787675721898
-0.16799999999999998268 1.1533274116946734544
-0.1659999999999999809 1.153412571964667066
-0.16399999999999997913 1.1534999119070552531
-0.16199999999999997735 1.1535893827592085259
-0.15999999999999997558 1.1536809342953977531
-0.1579999999999999738 1.1537745146371540805
-0.15599999999999997202 1.1538700702488358107
-0.15399999999999997025 1.1539675460253018269
-0.15199999999999996847 1.1540668853767857005
-0.14999999999999999445 1.1541680302653487544
-0.14799999999999999267 1.1542709211965844762
-0.1459999999999999909 1.154375497193363298
-0.14399999999999998912 1.1544816957749901576
-0.14199999999999998734 1.1545894529507811921
-0.13999999999999998557 1.1546987032249478311
-0.13799999999999998379 1.1548093796053922055
-0.13599999999999998201 1.1549214136113994389
-0.13399999999999998024 1.1550347352791283662
-0.13199999999999997846 1.155149273166311108
-0.12999999999999997669 1.1552649543580717495
-0.12799999999999997491 1.1553817044749126186
-0.12599999999999997313 1.1554994476828248651
-0.12399999999999998523 1.1556181067053237221
-0.12199999999999998346 1.155737602837020539
-0.11999999999999998168 1.1558578559588765788
-0.1179999999999999799 1.1559787845553093355
-0.11599999999999997813 1.1561003057334362509
-0.11399999999999997635 1.1562223352446894253
-0.11199999999999998845 1.1563447875090253625
-0.10999999999999998668 1.156467575641802803
-0.1079999999999999849 1.1565906114836224106
-0.10599999999999998312 1.1567138056332018081
-0.10399999999999998135 1.1568370674836234713
-0.10199999999999997957 1.1569603052620611727
-0.099999999999999977796 1.1570834260732789645
-0.097999999999999976019 1.1572063359470403654
-0.095999999999999974243 1.1573289398897026459
-0.093999999999999986344 1.1574511419401152246
-0.091999999999999984568 1.1575728452300877436
-0.089999999999999982792 1.157693952049505981
-0.087999999999999981015 1.1578143639163940293
-0.085999999999999979239 1.1579339816519429451
-0.083999999999999977462 1.158052705460718812
-0.081999999999999975686 1.1581704350161099448
-0.079999999999999987788 1.1582870695511515713
-0.077999999999999986011 1.1584025079547966008
-0.075999999999999984235 1.1585166488735447743
-0.073999999999999982458 1.1586293908186919843
-0.071999999999999980682 1.1587406322788633695
-0.069999999999999978906 1.1588502718380686574
-0.067999999999999977129 1.1589582082989968725
-0.065999999999999975353 1.1590643408114975621
-0.063999999999999973577 1.1591685690061241942
-0.061999999999999978739 1.1592707931324257586
-0.059999999999999983902 1.1593709142018826519
-0.057999999999999982125 1.1594688341351369054
-0.055999999999999980349 1.159564455913137504
-0.053999999999999978573 1.1596576837320005104
-0.051999999999999976796 1.159748423161043096
-0.049999999999999981959 1.1598365813035607097
-0.047999999999999980183 1.1599220669599783484
-0.045999999999999978406 1.1600047907927204527
-0.043999999999999983569 1.1600846654923542278
-0.041999999999999981792 1.1601616059443315976
-0.039999999999999980016 1.1602355293958757088
-0.03799999999999997824 1.1603063556220329922
-0.035999999999999976463 1.1603740070907679893
-0.033999999999999981626 1.1604384091256347844
-0.031999999999999979849 1.1604994900665481783
-0.029999999999999978073 1.1605571814257535923
-0.027999999999999979766 1.1606114180422850701
-0.025999999999999981459 1.1606621382269621812
-0.023999999999999979683 1.1607092839101760262
-0.021999999999999977907 1.160752800768343862
-0.0199999999999999796 1.1607926383707667384
-0.017999999999999981293 1.1608287502694909499
-0.015999999999999979516 1.1608610941701233976
-0.013999999999999979475 1.1608896319335095804
-0.011999999999999979433 1.1609143298572974778
-0.0099999999999999793915 1.1609351584141851532
-0.0079999999999999793499 1.1609520928514478477
-0.0059999999999999793082 1.1609651118888164589
-0.0039999999999999792666 1.1609742005799510434
-0.001999999999999979225 1.1609793509293697689
2.0816681711721685133e-17 1.1609809406652509267
0.0020000000000000208583 1.1609793509293697689
0.0040000000000000208999 1.1609742005799510434
0.0060000000000000209416 1.1609651118888164589
0.0080000000000000209832 1.1609520928514478477
0.010000000000000021025 1.1609351584141851532
0.012000000000000021066 1.1609143298572974778
0.014000000000000021108 1.1608896319335095804
0.01600000000000002115 1.1608610941701233976
0.018000000000000022926 1.1608287502694909499
0.020000000000000021233 1.1607926383707667384
0.02200000000000001954 1.160752800768343862
0.024000000000000021316 1.1607092839101760262
0.026000000000000023093 1.1606621382269621812
0.0280000000000000214 1.1606114180422850701
0.030000000000000019706 1.1605571814257535923
0.032000000000000021483 1.1604994900665481783
0.034000000000000023259 1.1604384091256347844
0.036000000000000018097 1.1603740070907679893
0.038000000000000019873 1.1603063556220329922
0.040000000000000021649 1.1602355293958757088
0.042000000000000023426 1.1601616059443315976
0.044000000000000025202 1.1600846654923542278
0.04600000000000002004 1.1600047907927204527
0.048000000000000021816 1.1599220669599783484
0.050000000000000023592 1.1598365813035607097
0.05200000000000001843 1.159748423161043096
0.054000000000000020206 1.1596576837320005104
0.056000000000000021982 1.159564455913137504
0.058000000000000023759 1.1594688341351369054
0.060000000000000025535 1.1593709142018826519
0.062000000000000020373 1.1592707931324257586
0.064000000000000029088 1.1591685690061241942
0.066000000000000016986 1.1590643408114975621
0.068000000000000018763 1.1589582082989968725
0.070000000000000020539 1.1588502718380686574
0.072000000000000022315 1.1587406322788633695
0.074000000000000024092 1.1586293908186919843
0.076000000000000025868 1.1585166488735447743
0.078000000000000027645 1.1584025079547966008
0.080000000000000015543 1.1582870695511515713
0.082000000000000017319 1.1581704350161099448
0.084000000000000019096 1.158052705460718812
0.086000000000000020872 1.1579339816519429451
0.088000000000000022649 1.1578143639163940293
0.090000000000000024425 1.157693952049505981
0.092000000000000026201 1.1575728452300877436
0.094000000000000027978 1.1574511419401152246
0.096000000000000029754 1.1573289398897026459
0.098000000000000017653 1.1572063359470403654
0.10000000000000001943 1.1570834260732789645
0.10200000000000002121 1.1569603052620611727
0.10400000000000002298 1.1568370674836234713
0.10600000000000002476 1.1567138056332018081
0.10800000000000002653 1.1565906114836224106
0.11000000000000002831 1.156467575641802803
0.11200000000000001621 1.1563447875090253625
0.11400000000000001799 1.1562223352446894253
0.11600000000000001976 1.1561003057334362509
0.11800000000000002154 1.1559787845553093355
0.12000000000000002331 1.1558578559588765788
0.12200000000000002509 1.155737602837020539
0.12400000000000002687 1.1556181067053237221
0.12600000000000002864 1.1554994476828248651
0.12800000000000003042 1.1553817044749126186
0.1300000000000000322 1.1552649543580717495
0.13200000000000003397 1.155149273166311108
0.13400000000000003575 1.1550347352791283662
0.13600000000000000977 1.1549214136113994389
0.13800000000000001155 1.1548093796053922055
0.14000000000000001332 1.1546987032249478311
0.1420000000000000151 1.1545894529507811921
0.14400000000000001688 1.1544816957749901576
0.14600000000000001865 1.154375497193363298
0.14800000000000002043 1.1542709211965844762
0.1500000000000000222 1.1541680302653487544
0.15200000000000002398 1.1540668853767857005
0.15400000000000002576 1.1539675460253018269
0.15600000000000002753 1.1538700702488358107
0.15800000000000002931 1.1537745146371540805
0.16000000000000003109 1.1536809342953977531
0.16200000000000003286 1.1535893827592085259
0.16400000000000003464 1.1534999119070552531
0.16600000000000003642 1.153412571964667066
0.16800000000000003819 1.1533274116946734544
0.17000000000000001221 1.1532444787675721898
0.17200000000000001399 1.1531638201289799994
0.17400000000000001577 1.1530854820140403749
0.17600000000000001754 1.1530095092799188539
0.17800000000000001932 1.1529359440621782529
0.18000000000000002109 1.1528648243633923265
0.18200000000000002287 1.1527961837398141842
0.18400000000000002465 1.1527300532698092628
0.18600000000000002642 1.1526664660726069211
0.1880000000000000282 1.1526054628752837594
0.19000000000000002998 1.1525470952622596243
0.19200000000000003175 1.1524914225370039844
0.19400000000000003353 1.1524384996778631596
0.19600000000000003531 1.1523883577860991601
0.19800000000000003708 1.1523409833303057681
0.2000000000000000111 1.1522963058510917733
0.20200000000000001288 1.1522542031112974481
0.20400000000000001465 1.1522145270795822736
0.20600000000000001643 1.1521771453384661577
0.20800000000000001821 1.1521419844520277564
0.21000000000000001998 1.1521090588416653677
0.21200000000000002176 1.152078473091800781
0.21400000000000002354 1.1520503959879213607
0.21600000000000002531 1.1520250163008609601
0.21800000000000002709 1.152002497679186277
0.22000000000000002887 1.1519829493564932577
0.22200000000000003064 1.1519664212043079221
0.22400000000000003242 1.1519529203258807026
0.22600000000000003419 1.1519424376789575426
0.22800000000000003597 1.1519349711315123308
0.23000000000000003775 1.1519305360379301639
0.23200000000000003952 1.1519291624477558944
0.23400000000000001354 1.1519308847238380888
0.23600000000000001532 1.1519357314688349891
0.2380000000000000171 1.1519437211197727233
0.24000000000000001887 1.1519548638572643107
0.24200000000000002065 1.1519691667492739651
0.24400000000000002243 1.1519866381625667451
0.2460000000000000242 1.1520072891599466569
0.24800000000000002598 1.152031132129599289
0.25 1.1520581784849364126
0.25200000000000000178 1.1520884372264339479
0.25400000000000000355 1.152121914997551233
0.25600000000000000533 1.1521586170827156081
0.25800000000000000711 1.1521985483645447168
0.26000000000000000888 1.1522417136232148138
0.26200000000000001066 1.1522881172183458975
0.26400000000000001243 1.1523377625987276662
0.26600000000000001421 1.152390652041768826
0.26800000000000001599 1.152446786715007887
0.27000000000000001776 1.1525061668871852127
0.27200000000000001954 1.1525687920704890121
0.27400000000000002132 1.1526346610051927399
0.27600000000000002309 1.1527037715432921772
0.27800000000000002487 1.152776120534228399
0.28000000000000002665 1.1528517037634280484
0.28200000000000002842 1.1529305159221538979
0.2840000000000000302 1.1530125505637978112
0.28600000000000003197 1.1530978000347180679
0.28800000000000003375 1.1531862554158147649
0.29000000000000003553 1.1532779065285336806
0.2920000000000000373 1.1533727420318569123
0.29400000000000003908 1.1534707495817682066
0.29600000000000004086 1.1535719159693762492
0.29800000000000004263 1.1536762271226077559
0.30000000000000004441 1.1537836678636217425
0.30200000000000004619 1.1538942213703886619
0.30400000000000004796 1.1540078683969177131
0.30600000000000004974 1.1541245864465625726
0.30800000000000005151 1.1542443492238809721
0.31000000000000005329 1.1543671267530883906
0.31200000000000005507 1.1544928864856647266
0.31400000000000000133 1.1546215955028489297
0.31600000000000000311 1.1547532235787820731
0.31800000000000000488 1.1548877464978117846
0.32000000000000000666 1.1550251487412319662
0.32200000000000000844 1.1551654245997937664
0.32400000000000001021 1.1553085770016753298
0.32600000000000001199 1.155454613853245327
0.32800000000000001377 1.1556035423533475015
0.33000000000000001554 1.1557553623659146957
0.33200000000000001732 1.1559100603124818907
0.3340000000000000191 1.15606760502547945
0.33600000000000002087 1.156227946558184394
0.33800000000000002265 1.1563910181922798515
0.34000000000000002442 1.1565567410452484154
0.3420000000000000262 1.1567250300200009328
0.34400000000000002798 1.1568957995644060244
0.34600000000000002975 1.1570689678945074164
0.34800000000000003153 1.1572444589009527327
0.35000000000000003331 1.1574222016987314454
0.35200000000000003508 1.1576021284426851743
0.35400000000000003686 1.1577841714111496429
0.35600000000000003864 1.1579682603690129028
0.35800000000000004041 1.1581543209095073177
0.36000000000000004219 1.1583422739985231864
0.36200000000000004396 1.1585320364965483453
0.36400000000000004574 1.1587235221636831284
0.36600000000000004752 1.1589166426210835148
0.36800000000000004929 1.1591113079074988335
0.37000000000000005107 1.1593074265254383892
0.37200000000000005285 1.1595049050986414585
0.37400000000000005462 1.1597036478793154579
0.37600000000000000089 1.1599035563321200559
0.37800000000000000266 1.160104528920710143
0.38000000000000000444 1.1603064610983568894
0.38200000000000000622 1.160509245416212476
0.38400000000000000799 1.1607127716392444672
0.38600000000000000977 1.1609169267926127134
0.38800000000000001155 1.1611215951186171225
0.39000000000000001332 1.1613266579728487304
0.3920000000000000151 1.1615319937070045508
0.39400000000000001688 1.1617374775753075422
0.39600000000000001865 1.1619429816757300689
0.39800000000000002043 1.1621483749140988362
0.4000000000000000222 1.162353522970086761
0.40200000000000002398 1.162558288249091687
0.40400000000000002576 1.1627625298166721635
0.40600000000000002753 1.1629661033226328382
0.40800000000000002931 1.1631688609249053457
0.41000000000000003109 1.1633706512196602123
0.41200000000000003286 1.1635713191772767416
0.41400000000000003464 1.1637707060792137348
0.41600000000000003642 1.1639686494504397629
0.41800000000000003819 1.164164982985319341
0.42000000000000003997 1.1643595364684178328
0.42200000000000004174 1.164552135693985857
0.42400000000000004352 1.1647426023869429379
0.4260000000000000453 1.1649307541260496279
0.42800000000000004707 1.1651164042679063026
0.43000000000000004885 1.1652993618695901556
0.43200000000000005063 1.1654794316085836936
0.4340000000000000524 1.1656564137003333492
0.43600000000000005418 1.1658301038147145245
0.43800000000000005596 1.1660002929929706994
0.44000000000000005773 1.1661667675658309307
0.442000000000000004 1.1663293090727713253
0.44400000000000000577 1.1664876941815804923
0.44600000000000000755 1.1666416946077537986
0.44800000000000000933 1.1667910770336473725
0.4500000000000000111 1.1669356030278850156
0.45200000000000001288 1.1670750289656486309
0.45400000000000001465 1.1672091059504794419
0.45600000000000001643 1.1673375797377023577
0.45800000000000001821 1.167460190659410868
0.46000000000000001998 1.1675766735509638394
0.46200000000000002176 1.1676867576789431435
0.46400000000000002354 1.1677901666708871975
0.46600000000000002531 1.167886618447191438
0.46800000000000002709 1.1679758251554035464
0.47000000000000002887 1.1680574931072966738
0.47200000000000003064 1.1681313227187513082
0.47400000000000003242 1.1681970084525947762
0.47600000000000003419 1.1682542387645040716
0.47800000000000003597 1.1683026960521734061
0.48000000000000003775 1.1683420566080431335
0.48200000000000003952 1.168371990575918673
0.4840000000000000413 1.1683921619116646173
0.48600000000000004308 1.1684022283482784488
0.48800000000000004485 1.1684018413653145529
0.49000000000000004663 1.1683906461628568163
0.49200000000000004841 1.1683682816402389815
0.49400000000000005018 1.1683343803800438909
0.49600000000000005196 1.1682885686381241364
0.49800000000000005373 1.1682304663403662026
0.5 1.168159687086097076
0.50200000000000000178 1.1680758381572653448
0.50400000000000000355 1.1679785205313331087
0.50600000000000000533 1.1678673288968299815
0.50800000000000000711 1.167741851672691622
0.51000000000000000888 1.1676016710366556861
0.51200000000000001066 1.1674463629709275203
0.51400000000000001243 1.1672754973317573945
0.51600000000000001421 1.1670886379419389556
0.51800000000000001599 1.1668853426915357652
0.52000000000000001776 1.1666651636200759956
0.52200000000000001954 1.1664276469500680644
0.52400000000000002132 1.1661723330553324107
0.52600000000000002309 1.1658987563766483042
0.52800000000000002487 1.1656064453312993123
0.53000000000000002665 1.1652949222857245104
0.53200000000000002842 1.1649637036553968095
0.5340000000000000302 1.1646123001606936143
0.53600000000000003197 1.1642402172140711158
0.53800000000000003375 1.1638469553661612288
0.54000000000000003553 1.1634320107206939099
0.5420000000000000373 1.1629948752488186159
0.54400000000000003908 1.1625350369833187258
0.54600000000000004086 1.1620519801263036186
0.54800000000000004263 1.1615451851353839618
0.55000000000000004441 1.1610141288502828782
0.55200000000000004619 1.1604582846915791894
0.55400000000000004796 1.1598771229259103865
0.55600000000000004974 1.1592701109679774962
0.55800000000000005151 1.1586367136875579398
0.56000000000000005329 1.1579763937056593015
0.56200000000000005507 1.157288611682624424
0.56400000000000005684 1.1565728266119672529
0.56600000000000005862 1.1558284961322511375
0.5680000000000000604 1.1550550768609590957
0.57000000000000006217 1.1542520247460259508
0.57200000000000006395 1.1534187954282821842
0.57400000000000006573 1.1525548446104627587
0.5760000000000000675 1.1516596284326987565
0.57800000000000006928 1.1507326038567347037
0.58000000000000007105 1.1497732290605964245
0.58200000000000007283 1.1487809638435342308
0.58400000000000007461 1.1477552700395903251
0.58600000000000007638 1.1466956119379854151
0.58800000000000007816 1.1456014567092480672
0.59000000000000007994 1.1444722748365661058
0.59200000000000008171 1.1433075405520161105
0.59400000000000008349 1.1421067322767934904
0.59600000000000008527 1.1408693330643333574
0.59800000000000008704 1.1395948310448806851
0.60000000000000008882 1.1382827198704124072
0.60199999999999997957 1.1369324991585698648
0.60399999999999998135 1.1355436749345322323
0.60599999999999998312 1.1341157600695388474
0.6079999999999999849 1.1326482747145714125
0.60999999999999998668 1.1311407467279519512
0.61199999999999998845 1.1295927120951569922
0.61399999999999999023 1.1280037153395192639
0.61599999999999999201 1.1263733099222155154
0.61799999999999999378 1.1247010586300743018
0.61999999999999999556 1.1229865339496580834
0.62199999999999999734 1.1212293184261441503
0.62399999999999999911 1.1194290050056492358
0.62600000000000000089 1.1175851973596089284
0.62800000000000000266 1.1156975101899240244
0.63000000000000000444 1.1137655695137507195
0.63200000000000000622 1.1117890129267546939
0.63400000000000000799 1.1097674898438842916
0.63600000000000000977 1.1077006617168725366
0.63800000000000001155 1.1055882022276934951
0.64000000000000001332 1.1034297974576299239
0.6420000000000000151 1.1012251460316835328
0.64400000000000001688 1.0989739592383169775
0.64600000000000001865 1.0966759611248124706
0.64800000000000002043 1.0943308885687961229
0.6500000000000000222 1.0919384913265914872
0.65200000000000002398 1.0894985320596082268
0.65400000000000002576 1.0870107863399249837
0.65600000000000002753 1.0844750426367069096
0.65800000000000002931 1.0818911022853021642
0.66000000000000003109 1.0792587794411696578
0.66200000000000003286 1.0765779010209497457
0.66400000000000003464 1.0738483066334107985
0.66600000000000003642 1.0710698485030587523
0.66800000000000003819 1.0682423913894665279
0.67000000000000003997 1.0653658125054792372
0.67200000000000004174 1.0624400014375043888
0.67400000000000004352 1.0594648600712806008
0.6760000000000000453 1.0564403025263724434
0.67800000000000004707 1.0533662551026532483
0.68000000000000004885 1.0502426562421645073
0.68200000000000005063 1.0470694565093223716
0.6840000000000000524 1.0438466185925872054
0.68600000000000005418 1.0405741173303857394
0.68800000000000005596 1.0372519397638937377
0.69000000000000005773 1.033880085219024636
0.69200000000000005951 1.030458565419717365
0.69400000000000006128 1.0269874046341973539
0.69600000000000006306 1.0234666398558101008
0.69800000000000006484 1.0198963210194551543
0.70000000000000006661 1.016276511254571302
0.70200000000000006839 1.0126072871753095672
0.70400000000000007017 1.0088887392081642425
0.70600000000000007194 1.0051209719573066526
0.70800000000000007372 1.0013041046073949403
0.7100000000000000755 0.99743827136362650521
0.71200000000000007727 0.99352362192844378974
0.71400000000000007905 0.98956032201412325033
0.71600000000000008082 0.98554855389029993873
0.7180000000000000826 0.98148851696523564669
0.72000000000000008438 0.97738042839941696727
0.72200000000000008615 0.97322452374971524236
0.72400000000000008793 0.96902105764224744089
0.72600000000000008971 0.96477030447141309821
0.72799999999999998046 0.96047255912241702447
0.72999999999999998224 0.9561281377138435289
0.73199999999999998401 0.95173737835646499139
0.73399999999999998579 0.94730064192367291476
0.73599999999999998757 0.94281831282833927776
0.73799999999999998934 0.93829079980022089824
0.73999999999999999112 0.93371853665732196248
0.74199999999999999289 0.92910198306399494061
0.74399999999999999467 0.92444162526807527325
0.74599999999999999645 0.91973797680877522609
0.74799999999999999822 0.91499157918684115298
0.75 0.9102030024882243886
0.75200000000000000178 0.90537284595250411279
0.75400000000000000355 0.90050173847752890133
0.75600000000000000533 0.89559033905210438942
0.75800000000000000711 0.89063933710922227327
0.76000000000000000888 0.88564945279299100989
0.76200000000000001066 0.88062143713359974928
0.76400000000000001243 0.87555607212547270635
0.76600000000000001421 0.87045417070522634884
0.76800000000000001599 0.86531657662702365919
0.77000000000000001776 0.86014416423442874304
0.77200000000000001954 0.85493783812892421015
0.77400000000000002132 0.84969853273667150795
0.77600000000000002309 0.8444272117759343832
0.77800000000000002487 0.83912486762879923141
0.78000000000000002665 0.83379252062145126079
0.78200000000000002842 0.82843121821801668503
0.7840000000000000302 0.82304203413357379659
0.78600000000000003197 0.81762606737251752875
0.78800000000000003375 0.81218444119879662502
0.79000000000000003553 0.80671830204474570536
0.7920000000000000373 0.80122881836533044186
0.79400000000000003908 0.79571717944440967241
0.79600000000000004086 0.79018459415937236656
0.79800000000000004263 0.78463228971020315683
0.80000000000000004441 0.7790615103187441548
0.80200000000000004619 0.77347351590379664898
0.80400000000000004796 0.76786958073732480834
0.80600000000000004974 0.76225099208701208031
0.80800000000000005151 0.75661904884988440134
0.81000000000000005329 0.75097506018146986673
0.81200000000000005507 0.74532034412450443028
0.81400000000000005684 0.73965622624069138347
0.81600000000000005862 0.73398403824882241242
0.8180000000000000604 0.72830511667213948535
0.82000000000000006217 0.72262080149764906789
0.82200000000000006395 0.71693243484989710446
0.82400000000000006573 0.71124135968150425935
0.8260000000000000675 0.70554891848257494935
0.82800000000000006928 0.6998564520109737952
0.83000000000000007105 0.69416529804522553171
0.83200000000000007283 0.68847679016168583654
0.83400000000000007461 0.68279225653743003122
0.83600000000000007638 0.67711301878027585488
0.83800000000000007816 0.67144039078715167523
0.84000000000000007994 0.665775677632062024
0.84200000000000008171 0.66012017448471249637
0.84400000000000008349 0.65447516556086626771
0.84600000000000008527 0.64884192310545729665
0.84800000000000008704 0.64322170640949238862
0.85000000000000008882 0.63761576086163018751
0.85200000000000009059 0.63202531703546660502
0.85400000000000009237 0.62645158981329540637
0.85600000000000009415 0.62089577754721281266
0.8579999999999999849 0.61535906125833983449
0.85999999999999998668 0.60984260387499467093
0.86199999999999998845 0.60434754951089386665
0.86399999999999999023 0.59887502278423887514
0.86599999999999999201 0.59342612817778972456
0.86799999999999999378 0.58800194943924444235
0.86999999999999999556 0.5826035490232870373
0.87199999999999999734 0.57723196758226380521
0.87399999999999999911 0.57188822351310342196
0.87600000000000000089 0.56657331255022447269
0.87800000000000000266 0.56128820736595419483
0.88000000000000000444 0.55603385715887032603
0.88200000000000000622 0.55081118732922251802
0.88400000000000000799 0.54562109945696923852
0.88600000000000000977 0.54046447160028376899
0.88800000000000001155 0.53534215827900299978
0.89000000000000001332 0.53025498910073665115
0.8920000000000000151 0.52520376627137688175
0.89400000000000001688 0.52018926439839119347
0.89600000000000001865 0.5152122374296654872
0.89800000000000002043 0.51027343132623359523
0.9000000000000000222 0.5053735873061184769
0.90200000000000002398 0.50051341402925009216
0.90400000000000002576 0.49569353022314593948
0.90600000000000002753 0.49091443305700477318
0.90800000000000002931 0.4861765868751580788
0.91000000000000003109 0.48148068281291223069
0.91200000000000003286 0.47682797692921652377
0.91400000000000003464 0.47222047149492696327
0.91600000000000003642 0.46766072052755452981
0.91800000000000003819 0.46315127431694363969
0.92000000000000003997 0.4586940709523009696
0.92200000000000004174 0.45429016552198164813
0.92400000000000004352 0.44993994560645012015
0.9260000000000000453 0.44564361157766274601
0.92800000000000004707 0.44140153937488330049
0.93000000000000004885 0.43721432387271974562
0.93200000000000005063 0.43308261296938255214
0.9340000000000000524 0.42900697391562014893
0.93600000000000005418 0.42498790602878194766
0.93800000000000005596 0.42102592625467566423
0.94000000000000005773 0.41712161249642543126
0.94200000000000005951 0.41327558443293666013
0.94400000000000006128 0.40948847931385806698
0.94600000000000006306 0.40576096112446186082
0.94800000000000006484 0.40209374694453020593
0.95000000000000006661 0.39848762307814611372
0.95200000000000006839 0.39494345139234277031
0.95400000000000007017 0.3914621808265164038
0.95600000000000007194 0.38804486959261946799
0.95800000000000007372 0.38469271052195436189
0.9600000000000000755 0.38140705960581727796
0.96200000000000007727 0.37818946797864483322
0.96400000000000007905 0.37504172905026622598
0.96600000000000008082 0.37196592922988552798
0.9680000000000000826 0.3689645277573603277
0.97000000000000008438 0.36604043261578594892
0.97200000000000008615 0.36319714996588337019
0.97400000000000008793 0.36043889745391183288
0.97600000000000008971 0.35777090776753839307
0.97800000000000009148 0.35519959939277756522
0.98000000000000009326 0.35273328481865290351
0.98200000000000009504 0.35038245164313197577
0.98399999999999998579 0.34816138524312090219
0.98599999999999998757 0.34608905123535238513
0.98799999999999998934 0.34419250095561787495
0.98999999999999999112 0.34251346713684388545
0.99199999999999999289 0.34111122723597986361
0.99399999999999999467 0.34012289852185678685
0.99599999999999999645 0.33980248751218433689
0.99799999999999999822 0.34121856281146939471
1 0.3460968987797969354
