0.100000
-1 0.058020176943678614112
-0.99799999999999999822 0.068286353334107194324
-0.99599999999999999645 0.074883366292394143438
-0.99399999999999999467 0.079799602256472867978
-0.99199999999999999289 0.083993733635066042398
-0.98999999999999999112 0.087787049985585383083
-0.98799999999999998934 0.091313131438563510667
-0.98599999999999998757 0.094644149510554498317
-0.98399999999999998579 0.097825902573227860315
-0.98199999999999998401 0.10088949183244601271
-0.97999999999999998224 0.10385724879590672864
-0.97799999999999998046 0.10674574442243159322
-0.97599999999999997868 0.10956770786424555042
-0.97399999999999997691 0.11233313518392111507
-0.97199999999999997513 0.11505005602058647474
-0.96999999999999997335 0.11772502324685570063
-0.96799999999999997158 0.12036346911287656991
-0.9659999999999999698 0.12296995117382331086
-0.96399999999999996803 0.12554833725010172696
-0.96199999999999996625 0.12810194076941172625
-0.95999999999999996447 0.13063362524269933607
-0.9579999999999999627 0.13314588405119104353
-0.95599999999999996092 0.1356409034283038717
-0.95399999999999995914 0.13812061211521850512
-0.95199999999999995737 0.14058672133752039834
-0.94999999999999995559 0.14304075710015007328
-0.94799999999999995381 0.1454840866427638546
-0.94599999999999995204 0.14791794022610410542
-0.94399999999999995026 0.15034342925245786082
-0.94199999999999994849 0.15276156142309457731
-0.93999999999999994671 0.15517325351351840546
-0.93799999999999994493 0.15757934219991359681
-0.93599999999999994316 0.15998059329019614916
-0.9340000000000000524 0.1623777096342426951
-0.93200000000000005063 0.16477133793685128094
-0.93000000000000004885 0.16716207465178875569
-0.92800000000000004707 0.16955047110316062708
-0.9260000000000000453 0.17193703795335271711
-0.92400000000000004352 0.17432224911602259287
-0.92200000000000004174 0.17670654519488426804
-0.92000000000000003997 0.17909033651498751372
-0.91800000000000003819 0.18147400580235878431
-0.91600000000000003642 0.18385791056018935263
-0.91400000000000003464 0.18624238518364297224
-0.91200000000000003286 0.18862774284929151314
-0.91000000000000003109 0.19101427720861371973
-0.90800000000000002931 0.19340226390872439222
-0.90600000000000002753 0.19579196195887996201
-0.90400000000000002576 0.19818361495881292589
-0.90200000000000002398 0.20057745220390155172
-0.9000000000000000222 0.20297368968137757816
-0.89800000000000002043 0.20537253097043017824
-0.89600000000000001865 0.20777416805724330251
-0.89400000000000001688 0.21017878207415024994
-0.8920000000000000151 0.21258654397065357422
-0.89000000000000001332 0.21499761512301979183
-0.88800000000000001155 0.21741214788843898909
-0.88600000000000000977 0.21983028610908661449
-0.88400000000000000799 0.22225216557082450031
-0.88200000000000000622 0.22467791442070805807
-0.88000000000000000444 0.22710765354698583818
-0.87800000000000000266 0.22954149692485198431
-0.87600000000000000089 0.2319795519308570364
-0.87399999999999999911 0.234421919628571368
-0.87199999999999999734 0.2368686950278106329
-0.86999999999999999556 0.2393199673194913446
-0.86799999999999999378 0.24177582008796616453
-0.86599999999999999201 0.24423633150249174362
-0.86399999999999999023 0.24670157448932250599
-0.86199999999999998845 0.24917161688576183742
-0.85999999999999998668 0.25164652157737510407
-0.8579999999999999849 0.25412634661945898706
-0.85599999999999998312 0.25661114534373508089
-0.85399999999999998135 0.2591009664511690902
-0.85199999999999997957 0.26159585409171409731
-0.8499999999999999778 0.26409584793172274919
-0.84799999999999997602 0.2666009832096890575
-0.84599999999999997424 0.2691112907809461996
-0.84399999999999997247 0.27162679715188170482
-0.84199999999999997069 0.27414752450420337704
-0.83999999999999996891 0.27667349070974306402
-0.83799999999999996714 0.27920470933626184706
-0.83599999999999996536 0.28174118964469951898
-0.83399999999999996358 0.2842829365782817419
-0.83199999999999996181 0.28682995074389394663
-0.82999999999999996003 0.28938222838612553955
-0.82799999999999995826 0.29193976135436250363
-0.82599999999999995648 0.29450253706333806569
-0.8239999999999999547 0.29707053844752462357
-0.82199999999999995293 0.29964374390978032459
-0.81999999999999995115 0.30222212726466823884
-0.81799999999999994937 0.30480565767688000411
-0.8159999999999999476 0.30739429959522268643
-0.81399999999999994582 0.30998801268265352427
-0.81199999999999994404 0.31258675174286504328
-0.80999999999999994227 0.31519046664397010193
-0.80800000000000005151 0.31779910223987151152
-0.80600000000000004974 0.32041259828992341152
-0.80400000000000004796 0.32303088937756002652
-0.80200000000000004619 0.32565390482859868371
-0.80000000000000004441 0.32828156862998353338
-0.79800000000000004263 0.33091379934977410704
-0.79600000000000004086 0.33355051005925728802
-0.79400000000000003908 0.33619160825811233995
-0.7920000000000000373 0.3388369958036013263
-0.79000000000000003553 0.3414865688448394665
-0.78800000000000003375 0.34414021776325071089
-0.78600000000000003197 0.34679782712036194559
-0.7840000000000000302 0.34945927561415990326
-0.78200000000000002842 0.35212443604528842478
-0.78000000000000002665 0.35479317529439702295
-0.77800000000000002487 0.35746535431201897914
-0.77600000000000002309 0.36014082812238296105
-0.77400000000000002132 0.36281944584258707387
-0.77200000000000001954 0.36550105071860528039
-0.77000000000000001776 0.36818548017957652974
-0.76800000000000001599 0.37087256591185607801
-0.76600000000000001421 0.3735621339542541941
-0.76400000000000001243 0.37625400481588711088
-0.76200000000000001066 0.37894799361798792159
-0.76000000000000000888 0.38164391026095856319
-0.75800000000000000711 0.38434155961785682054
-0.75600000000000000533 0.38704074175537817037
-0.75400000000000000355 0.38974125218327743125
-0.75200000000000000178 0.39244288213296868451
-0.75 0.39514541886590448527
-0.74799999999999999822 0.39784864601205860435
-0.74599999999999999645 0.40055234393864536102
-0.74399999999999999467 0.4032562901489126217
-0.74199999999999999289 0.40596025971056659554
-0.73999999999999999112 0.40866402571307469671
-0.73799999999999998934 0.41136735975277149979
-0.73599999999999998757 0.41407003244434281708
-0.73399999999999998579 0.41677181395691326182
-0.73199999999999998401 0.41947247457261116477
-0.72999999999999998224 0.42217178526511922598
-0.72799999999999998046 0.42486951829537372705
-0.72599999999999997868 0.42756544782122057891
-0.72399999999999997691 0.43025935051754149452
-0.72199999999999997513 0.4329510062030328954
-0.71999999999999997335 0.43564019846958146331
-0.71799999999999997158 0.43832671530994393727
-0.7159999999999999698 0.44101034973925296034
-0.71399999999999996803 0.44369090040574554745
-0.71199999999999996625 0.44636817218604168955
-0.70999999999999996447 0.44904197676026474939
-0.7079999999999999627 0.45171213316236391577
-0.70599999999999996092 0.45437846830110800722
-0.70399999999999995914 0.45704081744738012105
-0.70199999999999995737 0.45969902468367163095
-0.69999999999999995559 0.46235294331194709549
-0.69799999999999995381 0.46500243621645631631
-0.69599999999999995204 0.46764737617843599171
-0.69399999999999995026 0.47028764614014761936
-0.69199999999999994849 0.47292313941618036033
-0.68999999999999994671 0.47555375985048464749
-0.68799999999999994493 0.47817942191815721031
-0.68599999999999994316 0.48080005077157184079
-0.68399999999999994138 0.4834155822310057804
-0.6819999999999999396 0.4860259627204887023
-0.67999999999999993783 0.48863114915012639816
-0.67800000000000004707 0.49123110874669573267
-0.6760000000000000453 0.4938258188347608435
-0.67400000000000004352 0.49641526657101076037
-0.67200000000000004174 0.49899944863493150837
-0.67000000000000003997 0.50157837087922640951
-0.66800000000000003819 0.50415204794371359931
-0.66600000000000003642 0.50672050283663416792
-0.66400000000000003464 0.50928376648746342958
-0.66200000000000003286 0.51184187727543950519
-0.66000000000000003109 0.51439488053805337842
-0.65800000000000002931 0.51694282806370794869
-0.65600000000000002753 0.51948577757276126476
-0.65400000000000002576 0.52202379219096695095
-0.65200000000000002398 0.52455693991922880404
-0.6500000000000000222 0.52708529310339069518
-0.64800000000000002043 0.52960892790751445958
-0.64600000000000001865 0.53212792379391471442
-0.64400000000000001688 0.53464236301288603492
-0.6420000000000000151 0.53715233010481311382
-0.64000000000000001332 0.53965791141705321543
-0.63800000000000001155 0.54215919463766426567
-0.63600000000000000977 0.54465626834778935184
-0.63400000000000000799 0.54714922159418521996
-0.63200000000000000622 0.54963814348311634816
-0.63000000000000000444 0.55212312279656350356
-0.62800000000000000266 0.55460424763144355875
-0.62600000000000000089 0.55708160506227644149
-0.62399999999999999911 0.55955528082755057184
-0.62199999999999999734 0.56202535903978834142
-0.61999999999999999556 0.56449192191918196038
-0.61799999999999999378 0.56695504955044784268
-0.61599999999999999201 0.56941481966245921509
-0.61399999999999999023 0.57187130743005432088
-0.61199999999999998845 0.57432458529732532959
-0.60999999999999998668 0.57677472282160713313
-0.6079999999999999849 0.57922178653729372577
-0.60599999999999998312 0.58166583983859343476
-0.60399999999999998135 0.58410694288024278542
-0.60199999999999997957 0.58654515249520833287
-0.5999999999999999778 0.58898052212837537223
-0.59799999999999997602 0.59141310178520412055
-0.59599999999999997424 0.59384293799436238537
-0.59399999999999997247 0.59627007378333729548
-0.59199999999999997069 0.5986945486660355531
-0.58999999999999996891 0.60111639864145094414
-0.58799999999999996714 0.60353565620244586931
-0.58599999999999996536 0.60595235035377348343
-0.58399999999999996358 0.60836650663848967913
-0.58199999999999996181 0.61077814717192391303
-0.57999999999999996003 0.61318729068245714231
-0.57799999999999995826 0.61559395255835114291
-0.57599999999999995648 0.617998144899950419
-0.5739999999999999547 0.62039987657661299636
-0.57199999999999995293 0.6227991532877443781
-0.56999999999999995115 0.62519597762738587932
-0.56799999999999994937 0.62759034915182465575
-0.5659999999999999476 0.62998226444973526306
-0.56399999999999994582 0.63237171721441032268
-0.56199999999999994404 0.63475869831765996398
-0.55999999999999994227 0.6371431958850127808
-0.55799999999999994049 0.63952519537186258702
-0.55599999999999993872 0.64190467964024411351
-0.55399999999999993694 0.64428162903597985256
-0.55200000000000004619 0.64665602146589651333
-0.55000000000000004441 0.6490278324749312322
-0.54800000000000004263 0.65139703532287707155
-0.54600000000000004086 0.65376360106061681687
-0.54400000000000003908 0.65612749860566654814
-0.5420000000000000373 0.65848869481689165095
-0.54000000000000003553 0.66084715456827258784
-0.53800000000000003375 0.6632028408216098514
-0.53600000000000003197 0.66555571469807084384
-0.5340000000000000302 0.66790573554851229154
-0.53200000000000002842 0.67025286102248649023
-0.53000000000000002665 0.67259704713591439429
-0.52800000000000002487 0.67493824833735061031
-0.52600000000000002309 0.67727641757282608381
-0.52400000000000002132 0.67961150634924627489
-0.52200000000000001954 0.68194346479633027869
-0.52000000000000001776 0.68427224172707190597
-0.51800000000000001599 0.68659778469672694268
-0.51600000000000001421 0.68892004006032603325
-0.51400000000000001243 0.69123895302871285473
-0.51200000000000001066 0.69355446772311557524
-0.51000000000000000888 0.69586652722827335715
-0.50800000000000000711 0.69817507364412967341
-0.50600000000000000533 0.7004800481361163067
-0.50400000000000000355 0.70278139098404746044
-0.50200000000000000178 0.70507904162964951666
-0.5 0.70737293872275319728
-0.49799999999999999822 0.70966302016617077708
-0.49599999999999999645 0.7119492231592988718
-0.49399999999999999467 0.71423148424047622207
-0.49199999999999999289 0.71650973932811923284
-0.48999999999999999112 0.71878392376068167557
-0.48799999999999998934 0.72105397233543921942
-0.48599999999999998757 0.72331981934613776009
-0.48399999999999998579 0.72558139861954740191
-0.48199999999999998401 0.7278386435509500707
-0.47999999999999998224 0.73009148713862281888
-0.47799999999999998046 0.7323398620173210416
-0.47599999999999997868 0.73458370049079868558
-0.47399999999999997691 0.73682293456335867798
-0.47199999999999997513 0.73905749597043990384
-0.46999999999999997335 0.7412873162083084555
-0.46799999999999997158 0.74351232656289867329
-0.4659999999999999698 0.74573245813789068581
-0.46399999999999996803 0.74794764188205564714
-0.46199999999999996625 0.75015780861580161343
-0.45999999999999996447 0.75236288905689852058
-0.4579999999999999627 0.75456281384531131984
-0.45599999999999996092 0.75675751356723663932
-0.45400000000000001465 0.75894691877849607131
-0.45200000000000001288 0.76113096002745683766
-0.4500000000000000111 0.76330956787756043536
-0.44800000000000000933 0.76548267292931648775
-0.44600000000000000755 0.76765020584148591087
-0.44400000000000000577 0.76981209735121525206
-0.442000000000000004 0.77196827829319514258
-0.44000000000000000222 0.77411867961817426576
-0.43800000000000000044 0.77626323241143968534
-0.43599999999999999867 0.77840186791153298529
-0.43399999999999999689 0.7805345175290446802
-0.43199999999999999512 0.78266111286472606068
-0.42999999999999999334 0.78478158572608092136
-0.42799999999999999156 0.78689586814210676913
-0.42599999999999998979 0.78900389237683443699
-0.42399999999999998801 0.79110559094302879135
-0.42199999999999998623 0.79320089661728643282
-0.41999999999999998446 0.79528974245667338749
-0.41799999999999998268 0.79737206181547071182
-0.4159999999999999809 0.79944778835978780318
-0.41399999999999997913 0.80151685607846978598
-0.41199999999999997735 0.80357919929086751853
-0.40999999999999997558 0.80563475265430262162
-0.4079999999999999738 0.80768345117469075856
-0.40599999999999997202 0.80972523022186293495
-0.40399999999999997025 0.81176002554728177163
-0.40199999999999996847 0.81378777329879503633
-0.39999999999999996669 0.81580841002740256407
-0.39799999999999996492 0.8178218726856738563
-0.39599999999999996314 0.81982809862409422585
-0.39399999999999996136 0.82182702559555442789
-0.3920000000000000151 0.823818591775024478
-0.39000000000000001332 0.82580273579093743663
-0.38800000000000001155 0.82777939675242961926
-0.38600000000000000977 0.82974851425131568305
-0.38400000000000000799 0.83171002832691143247
-0.38200000000000000622 0.83366387940498742903
-0.38000000000000000444 0.83561000824775732987
-0.37800000000000000266 0.83754835596252652508
-0.37600000000000000089 0.83947886409754879367
-0.37399999999999999911 0.84140147480544469349
-0.37199999999999999734 0.84331613099691615787
-0.36999999999999999556 0.84522277637487941426
-0.36799999999999999378 0.84712135526267573482
-0.36599999999999999201 0.84901181222797239556
-0.36399999999999999023 0.85089409162825724309
-0.36199999999999998845 0.85276813730503309152
-0.35999999999999998668 0.8546338926653542778
-0.3579999999999999849 0.85649130127246597688
-0.35599999999999998312 0.85834030784024850647
-0.35399999999999998135 0.8601808592702857581
-0.35199999999999997957 0.86201290520506146375
-0.3499999999999999778 0.86383639760276376141
-0.34799999999999997602 0.86565128910912447768
-0.34599999999999997424 0.86745753044999662773
-0.34399999999999997247 0.86925506754430270639
-0.34199999999999997069 0.8710438393486784614
-0.33999999999999996891 0.87282377743633610123
-0.33799999999999996714 0.8745948079328611513
-0.33599999999999996536 0.87635685576900290705
-0.33399999999999996358 0.87810985047022449557
-0.33199999999999996181 0.87985373213687467775
-0.32999999999999996003 0.88158845608268576743
-0.32799999999999995826 0.88331399487415906968
-0.32600000000000001199 0.88503033717315471307
-0.32400000000000001021 0.88673748362360726993
-0.32200000000000000844 0.88843544077823821681
-0.32000000000000000666 0.89012421450625367481
-0.31800000000000000488 0.89180380434365136288
-0.31600000000000000311 0.89347419987121279306
-0.31400000000000000133 0.89513537958072009193
-0.31199999999999999956 0.89678731202651373877
-0.30999999999999999778 0.89842995855173435338
-0.307999999999999996 0.90006327664578678061
-0.30599999999999999423 0.90168722304891901764
-0.30399999999999999245 0.90330175599752515758
-0.30199999999999999067 0.90490683637532431938
-0.2999999999999999889 0.90650242787447354864
-0.29799999999999998712 0.9080884964888191746
-0.29599999999999998535 0.90966500972867081476
-0.29399999999999998357 0.91123193588538542453
-0.29199999999999998179 0.91278924354054113977
-0.28999999999999998002 0.9143369013701936332
-0.28799999999999997824 0.9158748781866135058
-0.28599999999999997646 0.91740314310857162816
-0.28399999999999997469 0.91892166575307121512
-0.28199999999999997291 0.9204304163765839597
-0.27999999999999997113 0.92192936593897112374
-0.27799999999999996936 0.92341848609950827331
-0.27599999999999996758 0.92489774917330158654
-0.27399999999999996581 0.92636712807799737046
-0.27199999999999996403 0.92782659629141295277
-0.26999999999999996225 0.92927612782802393454
-0.26799999999999996048 0.93071569723212221881
-0.2659999999999999587 0.93214527958031934141
-0.26400000000000001243 0.93356485048588200293
-0.26200000000000001066 0.93497438609994154568
-0.26000000000000000888 0.9363738631079865371
-0.25800000000000000711 0.93776325872250920757
-0.25600000000000000533 0.93914255067366925189
-0.25400000000000000355 0.94051171719974890895
-0.25200000000000000178 0.94187073703838275485
-0.24999999999999997224 0.94321958941871109072
-0.24799999999999999822 0.94455825405421611762
-0.24599999999999999645 0.94588671113571831661
-0.24399999999999999467 0.94720494132426358291
-0.24199999999999999289 0.94851292574371126598
-0.23999999999999999112 0.94981064597304110109
-0.23799999999999998934 0.9510980840384688495
-0.23599999999999998757 0.95237522240543204255
-0.23399999999999998579 0.95364204397055840623
-0.23199999999999998401 0.95489853205366226341
-0.22999999999999998224 0.95614467038984907177
-0.22799999999999998046 0.95738044312171721728
-0.22599999999999997868 0.95860583479160732523
-0.22399999999999997691 0.95982083033375098502
-0.22199999999999997513 0.96102541506620275946
-0.21999999999999997335 0.96221957468251595458
-0.21799999999999997158 0.96340329524331869138
-0.2159999999999999698 0.96457656316810758135
-0.21399999999999999578 0.96573936522762093837
-0.211999999999999994 0.96689168853703832962
-0.20999999999999999223 0.96803352054997149345
-0.20799999999999999045 0.96916484905286692797
-0.20599999999999998868 0.9702856621592093056
-0.2039999999999999869 0.97139594830292108618
-0.20199999999999998512 0.97249569623056619783
-0.19999999999999998335 0.97358489499233191733
-0.19799999999999998157 0.97466353393218074785
-0.19599999999999997979 0.97573160267770797649
-0.19399999999999997802 0.97678909113033396405
-0.19199999999999997624 0.97783598945620120446
-0.18999999999999997446 0.97887228807788895235
-0.18799999999999997269 0.97989797766684283431
-0.18599999999999997091 0.98091304913622789918
-0.18399999999999999689 0.98191749363397362593
-0.18199999999999999512 0.98291130253578251619
-0.17999999999999999334 0.98389446743813957497
-0.17799999999999999156 0.98486698015124196637
-0.17599999999999998979 0.98582883269203036569
-0.17399999999999998801 0.98678001727730735304
-0.17199999999999998623 0.98772052631703843861
-0.16999999999999998446 0.98865035240779297609
-0.16799999999999998268 0.98956948832634994417
-0.1659999999999999809 0.99047792702341108662
-0.16399999999999997913 0.99137566161748191806
-0.16199999999999997735 0.99226268538883122261
-0.15999999999999997558 0.99313899177361997239
-0.1579999999999999738 0.99400457435816813589
-0.15599999999999997202 0.99485942687335815471
-0.15399999999999997025 0.99570354318918874448
-0.15199999999999996847 0.99653691730950622052
-0.14999999999999999445 0.9973595433668576149
-0.14799999999999999267 0.99817141561752475987
-0.1459999999999999909 0.99897252843669592792
-0.14399999999999998912 0.99976287631381621779
-0.14199999999999998734 1.0005424538480836016
-0.13999999999999998557 1.0013112557441163908
-0.13799999999999998379 1.0020692768077905654
-0.13599999999999998201 1.0028165119422325358
-0.13399999999999998024 1.0035529561439875401
-0.13199999999999997846 1.0042786044993463612
-0.12999999999999997669 1.0049934521808607801
-0.12799999999999997491 1.0056974944440015829
-0.12599999999999997313 1.0063907266240219585
-0.12399999999999998523 1.0070731441329479061
-0.12199999999999998346 1.007744742456782916
-0.11999999999999998168 1.0084055171528534256
-0.1179999999999999799 1.009055463847338352
-0.11599999999999997813 1.0096945782329611596
-0.11399999999999997635 1.0103228560668591207
-0.11199999999999998845 1.0109402931686148897
-0.10999999999999998668 1.0115468854184581637
-0.1079999999999999849 1.0121426287556212209
-0.10599999999999998312 1.012727519176901847
-0.10399999999999998135 1.0133015527353226304
-0.10199999999999997957 1.0138647255390109692
-0.099999999999999977796 1.0144170337502100843
-0.097999999999999976019 1.0149584735844570105
-0.095999999999999974243 1.0154890413099102453
-0.093999999999999986344 1.0160087332468292765
-0.091999999999999984568 1.0165175457672162018
-0.089999999999999982792 1.0170154752945856913
-0.087999999999999981015 1.0175025183038957088
-0.085999999999999979239 1.0179786713216036897
-0.083999999999999977462 1.0184439309258648265
-0.081999999999999975686 1.0188982937468620271
-0.079999999999999987788 1.0193417564672633269
-0.077999999999999986011 1.019774315822802091
-0.075999999999999984235 1.0201959686029682395
-0.073999999999999982458 1.0206067116518267035
-0.071999999999999980682 1.0210065418689286965
-0.069999999999999978906 1.021395456210327346
-0.067999999999999977129 1.0217734516896976871
-0.065999999999999975353 1.0221405253795361467
-0.063999999999999973577 1.0224966744124435181
-0.061999999999999978739 1.0228418959824976397
-0.059999999999999983902 1.0231761873466749257
-0.057999999999999982125 1.02349954582634739
-0.055999999999999980349 1.0238119688088445081
-0.053999999999999978573 1.0241134537490270695
-0.051999999999999976796 1.0244039981709520681
-0.049999999999999981959 1.0246835996695344839
-0.047999999999999980183 1.0249522559122370424
-0.045999999999999978406 1.0252099646407999423
-0.043999999999999983569 1.0254567236729605906
-0.041999999999999981792 1.0256925309041795558
-0.039999999999999980016 1.0259173843093645218
-0.03799999999999997824 1.0261312819445831401
-0.035999999999999976463 1.026334221948745018
-0.033999999999999981626 1.0265262025452743799
-0.031999999999999979849 1.0267072220437201135
-0.029999999999999978073 1.0268772788413531583
-0.027999999999999979766 1.0270363714246868447
-0.025999999999999981459 1.027184498370961041
-0.023999999999999979683 1.0273216583495532461
-0.021999999999999977907 1.0274478501233235139
-0.0199999999999999796 1.0275630725498752227
-0.017999999999999981293 1.0276673245827523395
-0.015999999999999979516 1.0277606052725389851
-0.013999999999999979475 1.0278429137678615213
-0.011999999999999979433 1.0279142493163062611
-0.0099999999999999793915 1.0279746112652405898
-0.0079999999999999793499 1.028023999062503524
-0.0059999999999999793082 1.0280624122570385381
-0.0039999999999999792666 1.0280898504993507547
-0.001999999999999979225 1.0281063135418881949
2.0816681711721685133e-17 1.0281118012386598615
0.0020000000000000208583 1.0281063135418881949
0.0040000000000000208999 1.0280898504993507547
0.0060000000000000209416 1.0280624122570385381
0.0080000000000000209832 1.028023999062503524
0.010000000000000021025 1.0279746112652405898
0.012000000000000021066 1.0279142493163062611
0.014000000000000021108 1.0278429137678615213
0.01600000000000002115 1.0277606052725389851
0.018000000000000022926 1.0276673245827523395
0.020000000000000021233 1.0275630725498752227
0.02200000000000001954 1.0274478501233235139
0.024000000000000021316 1.0273216583495532461
0.026000000000000023093 1.027184498370961041
0.0280000000000000214 1.0270363714246868447
0.030000000000000019706 1.0268772788413531583
0.032000000000000021483 1.0267072220437201135
0.034000000000000023259 1.0265262025452743799
0.036000000000000018097 1.026334221948745018
0.038000000000000019873 1.0261312819445831401
0.040000000000000021649 1.0259173843093645218
0.042000000000000023426 1.0256925309041795558
0.044000000000000025202 1.0254567236729605906
0.04600000000000002004 1.0252099646407999423
0.048000000000000021816 1.0249522559122370424
0.050000000000000023592 1.0246835996695344839
0.05200000000000001843 1.0244039981709520681
0.054000000000000020206 1.0241134537490270695
0.056000000000000021982 1.0238119688088445081
0.058000000000000023759 1.02349954582634739
0.060000000000000025535 1.0231761873466749257
0.062000000000000020373 1.0228418959824976397
0.064000000000000029088 1.0224966744124435181
0.066000000000000016986 1.0221405253795361467
0.068000000000000018763 1.0217734516896976871
0.070000000000000020539 1.021395456210327346
0.072000000000000022315 1.0210065418689286965
0.074000000000000024092 1.0206067116518267035
0.076000000000000025868 1.0201959686029682395
0.078000000000000027645 1.019774315822802091
0.080000000000000015543 1.0193417564672633269
0.082000000000000017319 1.0188982937468620271
0.084000000000000019096 1.0184439309258648265
0.086000000000000020872 1.0179786713216036897
0.088000000000000022649 1.0175025183038957088
0.090000000000000024425 1.0170154752945856913
0.092000000000000026201 1.0165175457672162018
0.094000000000000027978 1.0160087332468292765
0.096000000000000029754 1.0154890413099102453
0.098000000000000017653 1.0149584735844570105
0.10000000000000001943 1.0144170337502100843
0.10200000000000002121 1.0138647255390109692
0.10400000000000002298 1.0133015527353226304
0.10600000000000002476 1.012727519176901847
0.10800000000000002653 1.0121426287556212209
0.11000000000000002831 1.0115468854184581637
0.11200000000000001621 1.0109402931686148897
0.11400000000000001799 1.0103228560668591207
0.11600000000000001976 1.0096945782329611596
0.11800000000000002154 1.009055463847338352
0.12000000000000002331 1.0084055171528534256
0.12200000000000002509 1.007744742456782916
0.12400000000000002687 1.0070731441329479061
0.12600000000000002864 1.0063907266240219585
0.12800000000000003042 1.0056974944440015829
0.1300000000000000322 1.0049934521808607801
0.13200000000000003397 1.0042786044993463612
0.13400000000000003575 1.0035529561439875401
0.13600000000000000977 1.0028165119422325358
0.13800000000000001155 1.0020692768077905654
0.14000000000000001332 1.0013112557441163908
0.1420000000000000151 1.0005424538480836016
0.14400000000000001688 0.99976287631381621779
0.14600000000000001865 0.99897252843669592792
0.14800000000000002043 0.99817141561752475987
0.1500000000000000222 0.9973595433668576149
0.15200000000000002398 0.99653691730950622052
0.15400000000000002576 0.99570354318918874448
0.15600000000000002753 0.99485942687335815471
0.15800000000000002931 0.99400457435816813589
0.16000000000000003109 0.99313899177361997239
0.16200000000000003286 0.99226268538883122261
0.16400000000000003464 0.99137566161748191806
0.16600000000000003642 0.99047792702341108662
0.16800000000000003819 0.98956948832634994417
0.17000000000000001221 0.98865035240779297609
0.17200000000000001399 0.98772052631703843861
0.17400000000000001577 0.98678001727730735304
0.17600000000000001754 0.98582883269203036569
0.17800000000000001932 0.98486698015124196637
0.18000000000000002109 0.98389446743813957497
0.18200000000000002287 0.98291130253578251619
0.18400000000000002465 0.98191749363397362593
0.18600000000000002642 0.98091304913622789918
0.1880000000000000282 0.97989797766684283431
0.19000000000000002998 0.97887228807788895235
0.19200000000000003175 0.97783598945620120446
0.19400000000000003353 0.97678909113033396405
0.19600000000000003531 0.97573160267770797649
0.19800000000000003708 0.97466353393218074785
0.2000000000000000111 0.97358489499233191733
0.20200000000000001288 0.97249569623056619783
0.20400000000000001465 0.97139594830292108618
0.20600000000000001643 0.9702856621592093056
0.20800000000000001821 0.96916484905286692797
0.21000000000000001998 0.96803352054997149345
0.21200000000000002176 0.96689168853703832962
0.21400000000000002354 0.96573936522762093837
0.21600000000000002531 0.96457656316810758135
0.21800000000000002709 0.96340329524331869138
0.22000000000000002887 0.96221957468251595458
0.22200000000000003064 0.96102541506620275946
0.22400000000000003242 0.95982083033375098502
0.22600000000000003419 0.95860583479160732523
0.22800000000000003597 0.95738044312171721728
0.23000000000000003775 0.95614467038984907177
0.23200000000000003952 0.95489853205366226341
0.23400000000000001354 0.95364204397055840623
0.23600000000000001532 0.95237522240543204255
0.2380000000000000171 0.9510980840384688495
0.24000000000000001887 0.94981064597304110109
0.24200000000000002065 0.94851292574371126598
0.24400000000000002243 0.94720494132426358291
0.2460000000000000242 0.94588671113571831661
0.24800000000000002598 0.94455825405421611762
0.25 0.94321958941871109072
0.25200000000000000178 0.94187073703838275485
0.25400000000000000355 0.94051171719974890895
0.25600000000000000533 0.93914255067366925189
0.25800000000000000711 0.93776325872250920757
0.26000000000000000888 0.9363738631079865371
0.26200000000000001066 0.93497438609994154568
0.26400000000000001243 0.93356485048588200293
0.26600000000000001421 0.93214527958031934141
0.26800000000000001599 0.93071569723212221881
0.27000000000000001776 0.92927612782802393454
0.27200000000000001954 0.92782659629141295277
0.27400000000000002132 0.92636712807799737046
0.27600000000000002309 0.92489774917330158654
0.27800000000000002487 0.92341848609950827331
0.28000000000000002665 0.92192936593897112374
0.28200000000000002842 0.9204304163765839597
0.2840000000000000302 0.91892166575307121512
0.28600000000000003197 0.91740314310857162816
0.28800000000000003375 0.9158748781866135058
0.29000000000000003553 0.9143369013701936332
0.2920000000000000373 0.91278924354054113977
0.29400000000000003908 0.91123193588538542453
0.29600000000000004086 0.90966500972867081476
0.29800000000000004263 0.9080884964888191746
0.30000000000000004441 0.90650242787447354864
0.30200000000000004619 0.90490683637532431938
0.30400000000000004796 0.90330175599752515758
0.30600000000000004974 0.90168722304891901764
0.30800000000000005151 0.90006327664578678061
0.31000000000000005329 0.89842995855173435338
0.31200000000000005507 0.89678731202651373877
0.31400000000000000133 0.89513537958072009193
0.31600000000000000311 0.89347419987121279306
0.31800000000000000488 0.89180380434365136288
0.32000000000000000666 0.89012421450625367481
0.32200000000000000844 0.88843544077823821681
0.32400000000000001021 0.88673748362360726993
0.32600000000000001199 0.88503033717315471307
0.32800000000000001377 0.88331399487415906968
0.33000000000000001554 0.88158845608268576743
0.33200000000000001732 0.87985373213687467775
0.3340000000000000191 0.87810985047022449557
0.33600000000000002087 0.87635685576900290705
0.33800000000000002265 0.8745948079328611513
0.34000000000000002442 0.87282377743633610123
0.3420000000000000262 0.8710438393486784614
0.34400000000000002798 0.86925506754430270639
0.34600000000000002975 0.86745753044999662773
0.34800000000000003153 0.86565128910912447768
0.35000000000000003331 0.86383639760276376141
0.35200000000000003508 0.86201290520506146375
0.35400000000000003686 0.8601808592702857581
0.35600000000000003864 0.85834030784024850647
0.35800000000000004041 0.85649130127246597688
0.36000000000000004219 0.8546338926653542778
0.36200000000000004396 0.85276813730503309152
0.36400000000000004574 0.85089409162825724309
0.36600000000000004752 0.84901181222797239556
0.36800000000000004929 0.84712135526267573482
0.37000000000000005107 0.84522277637487941426
0.37200000000000005285 0.84331613099691615787
0.37400000000000005462 0.84140147480544469349
0.37600000000000000089 0.83947886409754879367
0.37800000000000000266 0.83754835596252652508
0.38000000000000000444 0.83561000824775732987
0.38200000000000000622 0.83366387940498742903
0.38400000000000000799 0.83171002832691143247
0.38600000000000000977 0.82974851425131568305
0.38800000000000001155 0.82777939675242961926
0.39000000000000001332 0.82580273579093743663
0.3920000000000000151 0.823818591775024478
0.39400000000000001688 0.82182702559555442789
0.39600000000000001865 0.81982809862409422585
0.39800000000000002043 0.8178218726856738563
0.4000000000000000222 0.81580841002740256407
0.40200000000000002398 0.81378777329879503633
0.40400000000000002576 0.81176002554728177163
0.40600000000000002753 0.80972523022186293495
0.40800000000000002931 0.80768345117469075856
0.41000000000000003109 0.80563475265430262162
0.41200000000000003286 0.80357919929086751853
0.41400000000000003464 0.80151685607846978598
0.41600000000000003642 0.79944778835978780318
0.41800000000000003819 0.79737206181547071182
0.42000000000000003997 0.79528974245667338749
0.42200000000000004174 0.79320089661728643282
0.42400000000000004352 0.79110559094302879135
0.4260000000000000453 0.78900389237683443699
0.42800000000000004707 0.78689586814210676913
0.43000000000000004885 0.78478158572608092136
0.43200000000000005063 0.78266111286472606068
0.4340000000000000524 0.7805345175290446802
0.43600000000000005418 0.77840186791153298529
0.43800000000000005596 0.77626323241143968534
0.44000000000000005773 0.77411867961817426576
0.442000000000000004 0.77196827829319514258
0.44400000000000000577 0.76981209735121525206
0.44600000000000000755 0.76765020584148591087
0.44800000000000000933 0.76548267292931648775
0.4500000000000000111 0.76330956787756043536
0.45200000000000001288 0.76113096002745683766
0.45400000000000001465 0.75894691877849607131
0.45600000000000001643 0.75675751356723663932
0.45800000000000001821 0.75456281384531131984
0.46000000000000001998 0.75236288905689852058
0.46200000000000002176 0.75015780861580161343
0.46400000000000002354 0.74794764188205564714
0.46600000000000002531 0.74573245813789068581
0.46800000000000002709 0.74351232656289867329
0.47000000000000002887 0.7412873162083084555
0.47200000000000003064 0.73905749597043990384
0.47400000000000003242 0.73682293456335867798
0.47600000000000003419 0.73458370049079868558
0.47800000000000003597 0.7323398620173210416
0.48000000000000003775 0.73009148713862281888
0.48200000000000003952 0.7278386435509500707
0.4840000000000000413 0.72558139861954740191
0.48600000000000004308 0.72331981934613776009
0.48800000000000004485 0.72105397233543921942
0.49000000000000004663 0.71878392376068167557
0.49200000000000004841 0.71650973932811923284
0.49400000000000005018 0.71423148424047622207
0.49600000000000005196 0.7119492231592988718
0.49800000000000005373 0.70966302016617077708
0.5 0.70737293872275319728
0.50200000000000000178 0.70507904162964951666
0.50400000000000000355 0.70278139098404746044
0.50600000000000000533 0.7004800481361163067
0.50800000000000000711 0.69817507364412967341
0.51000000000000000888 0.69586652722827335715
0.51200000000000001066 0.69355446772311557524
0.51400000000000001243 0.69123895302871285473
0.51600000000000001421 0.68892004006032603325
0.51800000000000001599 0.68659778469672694268
0.52000000000000001776 0.68427224172707190597
0.52200000000000001954 0.68194346479633027869
0.52400000000000002132 0.67961150634924627489
0.52600000000000002309 0.67727641757282608381
0.52800000000000002487 0.67493824833735061031
0.53000000000000002665 0.67259704713591439429
0.53200000000000002842 0.67025286102248649023
0.5340000000000000302 0.66790573554851229154
0.53600000000000003197 0.66555571469807084384
0.53800000000000003375 0.6632028408216098514
0.54000000000000003553 0.66084715456827258784
0.5420000000000000373 0.65848869481689165095
0.54400000000000003908 0.65612749860566654814
0.54600000000000004086 0.65376360106061681687
0.54800000000000004263 0.65139703532287707155
0.55000000000000004441 0.6490278324749312322
0.55200000000000004619 0.64665602146589651333
0.55400000000000004796 0.64428162903597985256
0.55600000000000004974 0.64190467964024411351
0.55800000000000005151 0.63952519537186258702
0.56000000000000005329 0.6371431958850127808
0.56200000000000005507 0.63475869831765996398
0.56400000000000005684 0.63237171721441032268
0.56600000000000005862 0.62998226444973526306
0.5680000000000000604 0.62759034915182465575
0.57000000000000006217 0.62519597762738587932
0.57200000000000006395 0.6227991532877443781
0.57400000000000006573 0.62039987657661299636
0.5760000000000000675 0.617998144899950419
0.57800000000000006928 0.61559395255835114291
0.58000000000000007105 0.61318729068245714231
0.58200000000000007283 0.61077814717192391303
0.58400000000000007461 0.60836650663848967913
0.58600000000000007638 0.60595235035377348343
0.58800000000000007816 0.60353565620244586931
0.59000000000000007994 0.60111639864145094414
0.59200000000000008171 0.5986945486660355531
0.59400000000000008349 0.59627007378333729548
0.59600000000000008527 0.59384293799436238537
0.59800000000000008704 0.59141310178520412055
0.60000000000000008882 0.58898052212837537223
0.60199999999999997957 0.58654515249520833287
0.60399999999999998135 0.58410694288024278542
0.60599999999999998312 0.58166583983859343476
0.6079999999999999849 0.57922178653729372577
0.60999999999999998668 0.57677472282160713313
0.61199999999999998845 0.57432458529732532959
0.61399999999999999023 0.57187130743005432088
0.61599999999999999201 0.56941481966245921509
0.61799999999999999378 0.56695504955044784268
0.61999999999999999556 0.56449192191918196038
0.62199999999999999734 0.56202535903978834142
0.62399999999999999911 0.55955528082755057184
0.62600000000000000089 0.55708160506227644149
0.62800000000000000266 0.55460424763144355875
0.63000000000000000444 0.55212312279656350356
0.63200000000000000622 0.54963814348311634816
0.63400000000000000799 0.54714922159418521996
0.63600000000000000977 0.54465626834778935184
0.63800000000000001155 0.54215919463766426567
0.64000000000000001332 0.53965791141705321543
0.6420000000000000151 0.53715233010481311382
0.64400000000000001688 0.53464236301288603492
0.64600000000000001865 0.53212792379391471442
0.64800000000000002043 0.52960892790751445958
0.6500000000000000222 0.52708529310339069518
0.65200000000000002398 0.52455693991922880404
0.65400000000000002576 0.52202379219096695095
0.65600000000000002753 0.51948577757276126476
0.65800000000000002931 0.51694282806370794869
0.66000000000000003109 0.51439488053805337842
0.66200000000000003286 0.51184187727543950519
0.66400000000000003464 0.50928376648746342958
0.66600000000000003642 0.50672050283663416792
0.66800000000000003819 0.50415204794371359931
0.67000000000000003997 0.50157837087922640951
0.67200000000000004174 0.49899944863493150837
0.67400000000000004352 0.49641526657101076037
0.6760000000000000453 0.4938258188347608435
0.67800000000000004707 0.49123110874669573267
0.68000000000000004885 0.48863114915012639816
0.68200000000000005063 0.4860259627204887023
0.6840000000000000524 0.4834155822310057804
0.68600000000000005418 0.48080005077157184079
0.68800000000000005596 0.47817942191815721031
0.69000000000000005773 0.47555375985048464749
0.69200000000000005951 0.47292313941618036033
0.69400000000000006128 0.47028764614014761936
0.69600000000000006306 0.46764737617843599171
0.69800000000000006484 0.46500243621645631631
0.70000000000000006661 0.46235294331194709549
0.70200000000000006839 0.45969902468367163095
0.70400000000000007017 0.45704081744738012105
0.70600000000000007194 0.45437846830110800722
0.70800000000000007372 0.45171213316236391577
0.7100000000000000755 0.44904197676026474939
0.71200000000000007727 0.44636817218604168955
0.71400000000000007905 0.44369090040574554745
0.71600000000000008082 0.44101034973925296034
0.7180000000000000826 0.43832671530994393727
0.72000000000000008438 0.43564019846958146331
0.72200000000000008615 0.4329510062030328954
0.72400000000000008793 0.43025935051754149452
0.72600000000000008971 0.42756544782122057891
0.72799999999999998046 0.42486951829537372705
0.72999999999999998224 0.42217178526511922598
0.73199999999999998401 0.41947247457261116477
0.73399999999999998579 0.41677181395691326182
0.73599999999999998757 0.41407003244434281708
0.73799999999999998934 0.41136735975277149979
0.73999999999999999112 0.40866402571307469671
0.74199999999999999289 0.40596025971056659554
0.74399999999999999467 0.4032562901489126217
0.74599999999999999645 0.40055234393864536102
0.74799999999999999822 0.39784864601205860435
0.75 0.39514541886590448527
0.75200000000000000178 0.39244288213296868451
0.75400000000000000355 0.38974125218327743125
0.75600000000000000533 0.38704074175537817037
0.75800000000000000711 0.38434155961785682054
0.76000000000000000888 0.38164391026095856319
0.76200000000000001066 0.37894799361798792159
0.76400000000000001243 0.37625400481588711088
0.76600000000000001421 0.3735621339542541941
0.76800000000000001599 0.37087256591185607801
0.77000000000000001776 0.36818548017957652974
0.77200000000000001954 0.36550105071860528039
0.77400000000000002132 0.36281944584258707387
0.77600000000000002309 0.36014082812238296105
0.77800000000000002487 0.35746535431201897914
0.78000000000000002665 0.35479317529439702295
0.78200000000000002842 0.35212443604528842478
0.7840000000000000302 0.34945927561415990326
0.78600000000000003197 0.34679782712036194559
0.78800000000000003375 0.34414021776325071089
0.79000000000000003553 0.3414865688448394665
0.7920000000000000373 0.3388369958036013263
0.79400000000000003908 0.33619160825811233995
0.79600000000000004086 0.33355051005925728802
0.79800000000000004263 0.33091379934977410704
0.80000000000000004441 0.32828156862998353338
0.80200000000000004619 0.32565390482859868371
0.80400000000000004796 0.32303088937756002652
0.80600000000000004974 0.32041259828992341152
0.80800000000000005151 0.31779910223987151152
0.81000000000000005329 0.31519046664397010193
0.81200000000000005507 0.31258675174286504328
0.81400000000000005684 0.30998801268265352427
0.81600000000000005862 0.30739429959522268643
0.8180000000000000604 0.30480565767688000411
0.82000000000000006217 0.30222212726466823884
0.82200000000000006395 0.29964374390978032459
0.82400000000000006573 0.29707053844752462357
0.8260000000000000675 0.29450253706333806569
0.82800000000000006928 0.29193976135436250363
0.83000000000000007105 0.28938222838612553955
0.83200000000000007283 0.28682995074389394663
0.83400000000000007461 0.2842829365782817419
0.83600000000000007638 0.28174118964469951898
0.83800000000000007816 0.27920470933626184706
0.84000000000000007994 0.27667349070974306402
0.84200000000000008171 0.27414752450420337704
0.84400000000000008349 0.27162679715188170482
0.84600000000000008527 0.2691112907809461996
0.84800000000000008704 0.2666009832096890575
0.85000000000000008882 0.26409584793172274919
0.85200000000000009059 0.26159585409171409731
0.85400000000000009237 0.2591009664511690902
0.85600000000000009415 0.25661114534373508089
0.8579999999999999849 0.25412634661945898706
0.85999999999999998668 0.25164652157737510407
0.86199999999999998845 0.24917161688576183742
0.86399999999999999023 0.24670157448932250599
0.86599999999999999201 0.24423633150249174362
0.86799999999999999378 0.24177582008796616453
0.86999999999999999556 0.2393199673194913446
0.87199999999999999734 0.2368686950278106329
0.87399999999999999911 0.234421919628571368
0.87600000000000000089 0.2319795519308570364
0.87800000000000000266 0.22954149692485198431
0.88000000000000000444 0.22710765354698583818
0.88200000000000000622 0.22467791442070805807
0.88400000000000000799 0.22225216557082450031
0.88600000000000000977 0.21983028610908661449
0.88800000000000001155 0.21741214788843898909
0.89000000000000001332 0.21499761512301979183
0.8920000000000000151 0.21258654397065357422
0.89400000000000001688 0.21017878207415024994
0.89600000000000001865 0.20777416805724330251
0.89800000000000002043 0.20537253097043017824
0.9000000000000000222 0.20297368968137757816
0.90200000000000002398 0.20057745220390155172
0.90400000000000002576 0.19818361495881292589
0.90600000000000002753 0.19579196195887996201
0.90800000000000002931 0.19340226390872439222
0.91000000000000003109 0.19101427720861371973
0.91200000000000003286 0.18862774284929151314
0.91400000000000003464 0.18624238518364297224
0.91600000000000003642 0.18385791056018935263
0.91800000000000003819 0.18147400580235878431
0.92000000000000003997 0.17909033651498751372
0.92200000000000004174 0.17670654519488426804
0.92400000000000004352 0.17432224911602259287
0.9260000000000000453 0.17193703795335271711
0.92800000000000004707 0.16955047110316062708
0.93000000000000004885 0.16716207465178875569
0.93200000000000005063 0.16477133793685128094
0.9340000000000000524 0.1623777096342426951
0.93600000000000005418 0.15998059329019614916
0.93800000000000005596 0.15757934219991359681
0.94000000000000005773 0.15517325351351840546
0.94200000000000005951 0.15276156142309457731
0.94400000000000006128 0.15034342925245786082
0.94600000000000006306 0.14791794022610410542
0.94800000000000006484 0.1454840866427638546
0.95000000000000006661 0.14304075710015007328
0.95200000000000006839 0.14058672133752039834
0.95400000000000007017 0.13812061211521850512
0.95600000000000007194 0.1356409034283038717
0.95800000000000007372 0.13314588405119104353
0.9600000000000000755 0.13063362524269933607
0.96200000000000007727 0.12810194076941172625
0.96400000000000007905 0.12554833725010172696
0.96600000000000008082 0.12296995117382331086
0.9680000000000000826 0.12036346911287656991
0.97000000000000008438 0.11772502324685570063
0.97200000000000008615 0.11505005602058647474
0.97400000000000008793 0.11233313518392111507
0.97600000000000008971 0.10956770786424555042
0.97800000000000009148 0.10674574442243159322
0.98000000000000009326 0.10385724879590672864
0.98200000000000009504 0.10088949183244601271
0.98399999999999998579 0.097825902573227860315
0.98599999999999998757 0.094644149510554498317
0.98799999999999998934 0.091313131438563510667
0.98999999999999999112 0.087787049985585383083
0.99199999999999999289 0.083993733635066042398
0.99399999999999999467 0.079799602256472867978
0.99599999999999999645 0.074883366292394143438
0.99799999999999999822 0.068286353334107194324
1 0.058020176943678614112
