0.100000
-1 0.40411707572347554951
-0.99799999999999999822 0.40950491614557660291
-0.99599999999999999645 0.41468585380457845257
-0.99399999999999999467 0.41992250077832965482
-0.99199999999999999289 0.42510496087104593377
-0.98999999999999999112 0.43030051712242928241
-0.98799999999999998934 0.43550563239418138561
-0.98599999999999998757 0.44073320074590688344
-0.98399999999999998579 0.44598728781634877638
-0.98199999999999998401 0.4512719434755779746
-0.97999999999999998224 0.45659053361455964604
-0.97799999999999998046 0.4619453438152091862
-0.97599999999999997868 0.46733861563178391574
-0.97399999999999997691 0.47277203263783296183
-0.97199999999999997513 0.47824720598646985881
-0.96999999999999997335 0.48376545586264163568
-0.96799999999999997158 0.48932799687023686985
-0.9659999999999999698 0.49493588040370883885
-0.96399999999999996803 0.50059006630036795293
-0.96199999999999996625 0.50629140874805655947
-0.95999999999999996447 0.51204068484851661403
-0.9579999999999999627 0.51783859457314540542
-0.95599999999999996092 0.52368577302092333969
-0.95399999999999995914 0.52958279294173493668
-0.95199999999999995737 0.5355301727298631409
-0.94999999999999995559 0.541528380178296187
-0.94799999999999995381 0.54757783358729406054
-0.94599999999999995204 0.55367890135056596623
-0.94399999999999995026 0.5598319085663159278
-0.94199999999999994849 0.56603714585603126519
-0.93999999999999994671 0.57229486600994383672
-0.93799999999999994493 0.57860526845458926104
-0.93599999999999994316 0.58496849931897809682
-0.9340000000000000524 0.59138468354986284403
-0.93200000000000005063 0.59785395090623383307
-0.93000000000000004885 0.60437639852450852906
-0.92800000000000004707 0.61095201047804392758
-0.9260000000000000453 0.61758064953101543537
-0.92400000000000004352 0.62426219472247268527
-0.92200000000000004174 0.63099671071686591617
-0.92000000000000003997 0.63778440746728848332
-0.91800000000000003819 0.644625280119302424
-0.91600000000000003642 0.65151863108774388245
-0.91400000000000003464 0.65846285667856996326
-0.91200000000000003286 0.66545571977850803691
-0.91000000000000003109 0.67249496002152597818
-0.90800000000000002931 0.67957885078388247102
-0.90600000000000002753 0.68670639501588470743
-0.90400000000000002576 0.69387714518195886537
-0.90200000000000002398 0.70109086623315164388
-0.9000000000000000222 0.70834727698749611058
-0.89800000000000002043 0.71564596229666377347
-0.89600000000000001865 0.7229864054869087342
-0.89400000000000001688 0.73036804647254149891
-0.8920000000000000151 0.73779031024203045597
-0.89000000000000001332 0.74525260422375649849
-0.88800000000000001155 0.75275430616744198886
-0.88600000000000000977 0.76029475770937038348
-0.88400000000000000799 0.76787326502779373882
-0.88200000000000000622 0.77548910174993057609
-0.88000000000000000444 0.78314151070585613645
-0.87800000000000000266 0.79082970429080612362
-0.87600000000000000089 0.79855286448108153685
-0.87399999999999999911 0.80631014314167481771
-0.87199999999999999734 0.81410066261007441035
-0.86999999999999999556 0.8219235163427783819
-0.86799999999999999378 0.82977776952721060688
-0.86599999999999999201 0.83766245968028152369
-0.86399999999999999023 0.84557659727356138113
-0.86199999999999998845 0.85351916639665570408
-0.85999999999999998668 0.861489125452369775
-0.8579999999999999849 0.86948540787779882155
-0.85599999999999998312 0.87750692289094789356
-0.85399999999999998135 0.88555255626446449657
-0.85199999999999997957 0.89362117112718064682
-0.8499999999999999778 0.90171160879335288119
-0.84799999999999997602 0.90982268961918144612
-0.84599999999999997424 0.91795321388640349625
-0.84399999999999997247 0.92610196271274802804
-0.84199999999999997069 0.93426769898891581789
-0.83999999999999996891 0.94244916834180503251
-0.83799999999999996714 0.9506451001234135223
-0.83599999999999996536 0.95885420842497537386
-0.83399999999999996358 0.96707519311571177312
-0.83199999999999996181 0.97530674090557978317
-0.82999999999999996003 0.98354752643135101575
-0.82799999999999995826 0.99179621336533629883
-0.82599999999999995648 1.000051455545913015
-0.8239999999999999547 1.0083118981290288829
-0.82199999999999995293 1.016576178759677429
-0.81999999999999995115 1.0248429287623173067
-0.81799999999999994937 1.033110774349019545
-0.8159999999999999476 1.0413783378440450988
-0.81399999999999994582 1.0496442389233449077
-0.81199999999999994404 1.0579070958673695291
-0.80999999999999994227 1.0661655268254399687
-0.80800000000000005151 1.0744181510897559129
-0.80600000000000004974 1.0826635903769354918
-0.80400000000000004796 1.0909004701148847793
-0.80200000000000004619 1.0991274207323953327
-0.80000000000000004441 1.1073430789487277437
-0.79800000000000004263 1.1155460890599773194
-0.79600000000000004086 1.1237351042186296546
-0.79400000000000003908 1.1319087877025220124
-0.7920000000000000373 1.1400658141689317127
-0.79000000000000003553 1.1482048708895851163
-0.78800000000000003375 1.1563246589620472804
-0.78600000000000003197 1.1644238944928795298
-0.7840000000000000302 1.1725013097477336999
-0.78200000000000002842 1.1805556542633051098
-0.78000000000000002665 1.1885856959158482837
-0.77800000000000002487 1.1965902219408182106
-0.77600000000000002309 1.2045680398983173998
-0.77400000000000002132 1.2125179785792585818
-0.77200000000000001954 1.2204388888475294905
-0.77000000000000001776 1.2283296444140052728
-0.76800000000000001599 1.2361891425388797927
-0.76600000000000001421 1.2440163046594805429
-0.76400000000000001243 1.2518100769413598172
-0.76200000000000001066 1.2595694307515876709
-0.76000000000000000888 1.2672933630539495731
-0.75800000000000000711 1.2749808967270790383
-0.75600000000000000533 1.2826310808074825598
-0.75400000000000000355 1.2902429906608063881
-0.75200000000000000178 1.2978157280854727418
-0.75 1.3053484213541288739
-0.74799999999999999822 1.3128402251988997573
-0.74599999999999999645 1.3202903207474205871
-0.74399999999999999467 1.3276979154169878949
-0.74199999999999999289 1.3350622427745615362
-0.73999999999999999112 1.3423825623703966592
-0.73799999999999998934 1.349658159552992398
-0.73599999999999998757 1.3568883452726820948
-0.73399999999999998579 1.3640724558805861211
-0.73199999999999998401 1.3712098529290761562
-0.72999999999999998224 1.3782999229789627549
-0.72799999999999998046 1.385342077417790696
-0.72599999999999997868 1.3923357522926336216
-0.72399999999999997691 1.3992804081597889354
-0.72199999999999997513 1.4061755299527480823
-0.71999999999999997335 1.4130206268689984306
-0.71799999999999997158 1.419815232275179584
-0.7159999999999999698 1.4265589036295529546
-0.71399999999999996803 1.4332512224198687978
-0.71199999999999996625 1.4398917941144855348
-0.70999999999999996447 1.4464802481238911991
-0.7079999999999999627 1.453016237769758856
-0.70599999999999996092 1.4594994402584147153
-0.70399999999999995914 1.4659295566555443635
-0.70199999999999995737 1.4723063118589811982
-0.69999999999999995559 1.4786294545665183975
-0.69799999999999995381 1.4848987572359115816
-0.69599999999999995204 1.4911140160342459815
-0.69399999999999995026 1.4972750507743448622
-0.69199999999999994849 1.5033817048358977253
-0.68999999999999994671 1.5094338450695092835
-0.68799999999999994493 1.515431361682050948
-0.68599999999999994316 1.5213741681019574692
-0.68399999999999994138 1.5272622008235929858
-0.6819999999999999396 1.5330954192298111849
-0.67999999999999993783 1.5388738053922907945
-0.67800000000000004707 1.54459736384934887
-0.6760000000000000453 1.5502661213611332869
-0.67400000000000004352 1.5558801266422914722
-0.67200000000000004174 1.5614394500724357862
-0.67000000000000003997 1.5669441833847057577
-0.66800000000000003819 1.5723944393331801272
-0.66600000000000003642 1.5777903513396929203
-0.66400000000000003464 1.5831320731208742281
-0.66200000000000003286 1.5884197782963891399
-0.66000000000000003109 1.5936536599792230362
-0.65800000000000002931 1.5988339303490102239
-0.65600000000000002753 1.6039608202094681744
-0.65400000000000002576 1.6090345785308919346
-0.65200000000000002398 1.6140554719788369198
-0.6500000000000000222 1.6190237844299821823
-0.64800000000000002043 1.6239398164763105825
-0.64600000000000001865 1.628803884918727185
-0.64400000000000001688 1.6336163222512030124
-0.6420000000000000151 1.6383774761364966466
-0.64000000000000001332 1.6430877088746831394
-0.63800000000000001155 1.6477473968653577607
-0.63600000000000000977 1.6523569300646618885
-0.63400000000000000799 1.6569167114380696226
-0.63200000000000000622 1.6614271564098710421
-0.63000000000000000444 1.665888692310314223
-0.62800000000000000266 1.6703017578213676941
-0.62600000000000000089 1.6746668024218853699
-0.62399999999999999911 1.6789842858331998077
-0.62199999999999999734 1.6832546774659324917
-0.61999999999999999556 1.6874784558688400438
-0.61799999999999999378 1.6916561081805221445
-0.61599999999999999201 1.6957881295846746195
-0.61399999999999999023 1.6998750227695735848
-0.61199999999999998845 1.7039172973924823218
-0.60999999999999998668 1.7079154695495590843
-0.6079999999999999849 1.7118700612518651383
-0.60599999999999998312 1.7157815999081322822
-0.60399999999999998135 1.7196506178147750177
-0.60199999999999997957 1.7234776516537781976
-0.5999999999999999778 1.7272632419987878905
-0.59799999999999997602 1.7310079328300846946
-0.59599999999999997424 1.7347122710586957428
-0.59399999999999997247 1.7383768060601307859
-0.59199999999999997069 1.7420020892180516636
-0.58999999999999996891 1.7455886734780170499
-0.58799999999999996714 1.7491371129116939365
-0.58599999999999996536 1.7526479622917587875
-0.58399999999999996358 1.7561217766780798932
-0.58199999999999996181 1.7595591110154580328
-0.57999999999999996003 1.7629605197430535668
-0.57799999999999995826 1.7663265564150858467
-0.57599999999999995648 1.7696577733326492865
-0.5739999999999999547 1.772954721187075755
-0.57199999999999995293 1.7762179487160265623
-0.56999999999999995115 1.7794480023734118301
-0.56799999999999994937 1.7826454260127837514
-0.5659999999999999476 1.7858107605819864006
-0.56399999999999994582 1.7889445438263775756
-0.56199999999999994404 1.792047310000284277
-0.55999999999999994227 1.7951195895906719713
-0.55799999999999994049 1.7981619090594205268
-0.55599999999999993872 1.8011747906082216097
-0.55399999999999993694 1.8041587519618902391
-0.55200000000000004619 1.8071143061574757027
-0.55000000000000004441 1.8100419613252141104
-0.54800000000000004263 1.8129422204582610334
-0.54600000000000004086 1.8158155811869205465
-0.54400000000000003908 1.818662535588985385
-0.5420000000000000373 1.8214835700657103779
-0.54000000000000003553 1.8242791652889664977
-0.53800000000000003375 1.8270497961877709692
-0.53600000000000003197 1.8297959319121419597
-0.5340000000000000302 1.8325180357092059058
-0.53200000000000002842 1.8352165646778832997
-0.53000000000000002665 1.8378919694216389047
-0.52800000000000002487 1.8405446936686498116
-0.52600000000000002309 1.843175173949474388
-0.52400000000000002132 1.8457838394045786856
-0.52200000000000001954 1.8483711117463983431
-0.52000000000000001776 1.8509374053471479016
-0.51800000000000001599 1.8534831273882628189
-0.51600000000000001421 1.8560086780022650998
-0.51400000000000001243 1.8585144503604702493
-0.51200000000000001066 1.8610008306940430955
-0.51000000000000000888 1.8634681982649290433
-0.50800000000000000711 1.8659169253168212954
-0.50600000000000000533 1.8683473770329461772
-0.50400000000000000355 1.8707599115153805691
-0.50200000000000000178 1.8731548797869148615
-0.5 1.8755326258088502733
-0.49799999999999999822 1.8778934865065370907
-0.49599999999999999645 1.8802377917974231192
-0.49399999999999999467 1.882565864620520113
-0.49199999999999999289 1.8848780209683582143
-0.48999999999999999112 1.8871745699235384919
-0.48799999999999998934 1.8894558137007537724
-0.48599999999999998757 1.8917220476944160978
-0.48399999999999998579 1.8939735605312120192
-0.48199999999999998401 1.8962106341268687437
-0.47999999999999998224 1.8984335437466659524
-0.47799999999999998046 1.9006425580694943367
-0.47599999999999997868 1.9028379392553027571
-0.47399999999999997691 1.9050199430159535652
-0.47199999999999997513 1.907188818689191212
-0.46999999999999997335 1.9093448093156051293
-0.46799999999999997158 1.9114881517183022197
-0.4659999999999999698 1.9136190765850820128
-0.46399999999999996803 1.9157378085529428446
-0.46199999999999996625 1.917844566294744757
-0.45999999999999996447 1.91993956260786236
-0.4579999999999999627 1.9220230045047221878
-0.45599999999999996092 1.924095093304938997
-0.45400000000000001465 1.9261560247289755132
-0.45200000000000001288 1.9282059889931055796
-0.4500000000000000111 1.930245170905445562
-0.44800000000000000933 1.9322737499629638602
-0.44600000000000000755 1.9342919004492395985
-0.44400000000000000577 1.9362997915327957443
-0.442000000000000004 1.9382975873659664678
-0.44000000000000000222 1.9402854471840051964
-0.43800000000000000044 1.9422635254044102737
-0.43599999999999999867 1.9442319717262475098
-0.43399999999999999689 1.9461909312293781404
-0.43199999999999999512 1.9481405444733097543
-0.42999999999999999334 1.950080947595671077
-0.42799999999999999156 1.9520122724100130718
-0.42599999999999998979 1.9539346465028841759
-0.42399999999999998801 1.9558481933299716182
-0.42199999999999998623 1.9577530323112724009
-0.41999999999999998446 1.9596492789250912203
-0.41799999999999998268 1.9615370448007900528
-0.4159999999999999809 1.9634164378102276771
-0.41399999999999997913 1.9652875621576835208
-0.41199999999999997735 1.9671505184681441492
-0.40999999999999997558 1.9690054038739628339
-0.4079999999999999738 1.9708523120995962152
-0.40599999999999997202 1.9726913335444957731
-0.40399999999999997025 1.9745225553639538241
-0.40199999999999996847 1.9763460615478867233
-0.39999999999999996669 1.9781619329974893251
-0.39799999999999996492 1.9799702475997726925
-0.39599999999999996314 1.9817710802998242947
-0.39399999999999996136 1.9835645031708619701
-0.3920000000000000151 1.9853505854820290288
-0.39000000000000001332 1.9871293937637861671
-0.38800000000000001155 1.9889009918710467417
-0.38600000000000000977 1.9906654410439283964
-0.38400000000000000799 1.9924227999661558997
-0.38200000000000000622 1.994173124821200016
-0.38000000000000000444 1.9959164693461142193
-0.37800000000000000266 1.997652884883236668
-0.37600000000000000089 1.9993824204296688496
-0.37399999999999999911 2.0011051226847600404
-0.37199999999999999734 2.0028210360955576164
-0.36999999999999999556 2.0045302029003178035
-0.36799999999999999378 2.0062326631701745683
-0.36599999999999999201 2.0079284548490559104
-0.36399999999999999023 2.0096176137919403715
-0.36199999999999998845 2.0113001738015814368
-0.35999999999999998668 2.0129761666638774642
-0.3579999999999999849 2.0146456221819732946
-0.35599999999999998312 2.0163085682092614093
-0.35399999999999998135 2.017965030681435401
-0.35199999999999997957 2.0196150336477467491
-0.3499999999999999778 2.0212585993014950958
-0.34799999999999997602 2.0228957480100770994
-0.34599999999999997424 2.0245264983445041551
-0.34399999999999997247 2.0261508671087087308
-0.34199999999999997069 2.0277688693686792831
-0.33999999999999996891 2.0293805184815845166
-0.33799999999999996714 2.0309858261251410028
-0.33599999999999996536 2.0325848023271873011
-0.33399999999999996358 2.0341774554957039456
-0.33199999999999996181 2.0357637924493565684
-0.32999999999999996003 2.0373438184486003522
-0.32799999999999995826 2.0389175372275065712
-0.32600000000000001199 2.0404849510264000401
-0.32400000000000001021 2.0420460606252825997
-0.32200000000000000844 2.0436008653780319833
-0.32000000000000000666 2.045149363247485752
-0.31800000000000000488 2.0466915508414631475
-0.31600000000000000311 2.0482274234499948662
-0.31400000000000000133 2.0497569750835689106
-0.31199999999999999956 2.0512801985121784654
-0.30999999999999999778 2.052797085304822744
-0.307999999999999996 2.0543076258696677527
-0.30599999999999999423 2.0558118094954815902
-0.30399999999999999245 2.0573096243944428707
-0.30199999999999999067 2.0588010577457129813
-0.2999999999999999889 2.0602860957380952911
-0.29799999999999998712 2.0617647236114269305
-0.29599999999999998535 2.063236925698046953
-0.29399999999999998357 2.0647026854671537421
-0.29199999999999998179 2.0661619855723980521
-0.28999999999999998002 2.0676148078987273138
-0.28799999999999997824 2.0690611336024282707
-0.28599999999999997646 2.070500943143289696
-0.28399999999999997469 2.0719342163168690263
-0.28199999999999997291 2.0733609322987378576
-0.27999999999999997113 2.0747810697023991722
-0.27799999999999996936 2.0761946066337366723
-0.27599999999999996758 2.0776015207165938747
-0.27399999999999996581 2.0790017890831902214
-0.27199999999999996403 2.0803953883619019649
-0.26999999999999996225 2.0817822947152091473
-0.26799999999999996048 2.0831624839471301058
-0.2659999999999999587 2.0845359316220881674
-0.26400000000000001243 2.0859026130846096692
-0.26200000000000001066 2.0872625033182874432
-0.26000000000000000888 2.0886155767312013509
-0.25800000000000000711 2.0899618070870538133
-0.25600000000000000533 2.09130116775638486
-0.25400000000000000355 2.092633632197300031
-0.25200000000000000178 2.0939591742648167028
-0.24999999999999997224 2.0952777679036476144
-0.24799999999999999822 2.0965893861838154066
-0.24599999999999999645 2.0978940002956649735
-0.24399999999999999467 2.099191579486830328
-0.24199999999999999289 2.100482092492985231
-0.23999999999999999112 2.1017655098303054118
-0.23799999999999998934 2.1030418051582415728
-0.23599999999999998757 2.1043109538742670317
-0.23399999999999998579 2.1055729286943964951
-0.23199999999999998401 2.1068276945014181578
-0.22999999999999998224 2.1080752064277792357
-0.22799999999999998046 2.1093154142532295481
-0.22599999999999997868 2.1105482724705648678
-0.22399999999999997691 2.1117737506596316877
-0.22199999999999997513 2.1129918362705106816
-0.21999999999999997335 2.1142025240390092122
-0.21799999999999997158 2.1154057929225049683
-0.2159999999999999698 2.1166015794689685414
-0.21399999999999999578 2.1177897612155422991
-0.211999999999999994 2.1189701616288392216
-0.20999999999999999223 2.1201425793916368612
-0.20799999999999999045 2.1213068335048945734
-0.20599999999999998868 2.1224628074976754633
-0.2039999999999999869 2.1236104753825033598
-0.20199999999999998512 2.1247498993418636459
-0.19999999999999998335 2.1258812008434238017
-0.19799999999999998157 2.127004517262486516
-0.19599999999999997979 2.1281199604638070255
-0.19399999999999997802 2.1292275908081972347
-0.19199999999999997624 2.1303274119932051889
-0.18999999999999997446 2.1314193833401486877
-0.18799999999999997269 2.1325034405421265937
-0.18599999999999997091 2.1335795152088348203
-0.18399999999999999689 2.1346475469037828887
-0.18199999999999999512 2.1357074862755967004
-0.17999999999999999334 2.1367592918015319015
-0.17799999999999999156 2.1378029242134202192
-0.17599999999999998979 2.1388383419719492196
-0.17399999999999998801 2.139865499291347728
-0.17199999999999998623 2.140884346446018327
-0.16999999999999998446 2.1418948311753651659
-0.16799999999999998268 2.1428969000210233986
-0.1659999999999999809 2.1438904989880782637
-0.16399999999999997913 2.1448755735245370602
-0.16199999999999997735 2.1458520681480397485
-0.15999999999999997558 2.1468199260690177255
-0.1579999999999999738 2.1477790889953221054
-0.15599999999999997202 2.1487294971221939655
-0.15399999999999997025 2.1496710892144905714
-0.15199999999999996847 2.150603802686291921
-0.14999999999999999445 2.1515275736322063693
-0.14799999999999999267 2.1524423368141092361
-0.1459999999999999909 2.1533480256300592259
-0.14399999999999998912 2.1542445720888063754
-0.14199999999999998734 2.1551319067988647937
-0.13999999999999998557 2.1560099589690642219
-0.13799999999999998379 2.156878656413182771
-0.13599999999999998201 2.1577379255536319747
-0.13399999999999998024 2.1585876914231159063
-0.13199999999999997846 2.1594278776656574692
-0.12999999999999997669 2.1602584065389325296
-0.12799999999999997491 2.1610791989189142015
-0.12599999999999997313 2.1618901743068468235
-0.12399999999999998523 2.1626912508382716283
-0.12199999999999998346 2.1634823452938034549
-0.11999999999999998168 2.1642633731117300044
-0.1179999999999999799 2.1650342484026476875
-0.11599999999999997813 2.1657948839663974105
-0.11399999999999997635 2.1665451913115485461
-0.11199999999999998845 2.1672850806776402521
-0.10999999999999998668 2.1680144610602609667
-0.1079999999999999849 2.1687332402392436315
-0.10599999999999998312 2.1694413248101036551
-0.10399999999999998135 2.1701386202189461017
-0.10199999999999997957 2.1708250308010721419
-0.099999999999999977796 2.1715004598234890487
-0.097999999999999976019 2.1721648095314973759
-0.095999999999999974243 2.1728179811996128912
-0.093999999999999986344 2.173459875186944501
-0.091999999999999984568 2.1740903909973039454
-0.089999999999999982792 2.1747094273440916723
-0.087999999999999981015 2.1753168822202897381
-0.085999999999999979239 2.1759126529735466349
-0.083999999999999977462 2.1764966363865836385
-0.081999999999999975686 2.1770687287629719719
-0.079999999999999987788 2.1776288260184148982
-0.077999999999999986011 2.1781768237775986918
-0.075999999999999984235 2.1787126174765130138
-0.073999999999999982458 2.1792361024705186878
-0.071999999999999980682 2.1797471741477920659
-0.069999999999999978906 2.1802457280483960034
-0.067999999999999977129 2.1807316599886945596
-0.065999999999999975353 2.1812048661910337088
-0.063999999999999973577 2.1816652434185677123
-0.061999999999999978739 2.1821126891149233984
-0.059999999999999983902 2.1825471015485575776
-0.057999999999999982125 2.1829683799614842954
-0.055999999999999980349 2.183376424721982012
-0.053999999999999978573 2.18377113748102758
-0.051999999999999976796 2.1841524213319951642
-0.049999999999999981959 2.1845201809730951936
-0.047999999999999980183 2.1848743228722153908
-0.045999999999999978406 2.1852147554335203949
-0.043999999999999983569 2.1855413891653148184
-0.041999999999999981792 2.1858541368485111533
-0.039999999999999980016 2.1861529137052402305
-0.03799999999999997824 2.1864376375666161323
-0.035999999999999976463 2.1867082290395130073
-0.033999999999999981626 2.1869646116709091643
-0.031999999999999979849 2.1872067121102682918
-0.029999999999999978073 2.1874344602671067506
-0.027999999999999979766 2.1876477894669719149
-0.025999999999999981459 2.1878466365979232222
-0.023999999999999979683 2.1880309422597292723
-0.021999999999999977907 2.1882006508916673759
-0.0199999999999999796 2.1883557109206419611
-0.017999999999999981293 2.1884960748522432894
-0.015999999999999979516 2.1886216994426623828
-0.013999999999999979475 2.1887325457013711016
-0.011999999999999979433 2.1888285791736037389
-0.0099999999999999793915 2.188909769679425743
-0.0079999999999999793499 2.1889760919139513717
-0.0059999999999999793082 2.1890275241458549971
-0.0039999999999999792666 2.1890640510793017981
-0.001999999999999979225 2.1890856644712579637
2.0816681711721685133e-17 2.1890927419039107882
0.0020000000000000208583 2.1890856644712579637
0.0040000000000000208999 2.1890640510793017981
0.0060000000000000209416 2.1890275241458549971
0.0080000000000000209832 2.1889760919139513717
0.010000000000000021025 2.188909769679425743
0.012000000000000021066 2.1888285791736037389
0.014000000000000021108 2.1887325457013711016
0.01600000000000002115 2.1886216994426623828
0.018000000000000022926 2.1884960748522432894
0.020000000000000021233 2.1883557109206419611
0.02200000000000001954 2.1882006508916673759
0.024000000000000021316 2.1880309422597292723
0.026000000000000023093 2.1878466365979232222
0.0280000000000000214 2.1876477894669719149
0.030000000000000019706 2.1874344602671067506
0.032000000000000021483 2.1872067121102682918
0.034000000000000023259 2.1869646116709091643
0.036000000000000018097 2.1867082290395130073
0.038000000000000019873 2.1864376375666161323
0.040000000000000021649 2.1861529137052402305
0.042000000000000023426 2.1858541368485111533
0.044000000000000025202 2.1855413891653148184
0.04600000000000002004 2.1852147554335203949
0.048000000000000021816 2.1848743228722153908
0.050000000000000023592 2.1845201809730951936
0.05200000000000001843 2.1841524213319951642
0.054000000000000020206 2.18377113748102758
0.056000000000000021982 2.183376424721982012
0.058000000000000023759 2.1829683799614842954
0.060000000000000025535 2.1825471015485575776
0.062000000000000020373 2.1821126891149233984
0.064000000000000029088 2.1816652434185677123
0.066000000000000016986 2.1812048661910337088
0.068000000000000018763 2.1807316599886945596
0.070000000000000020539 2.1802457280483960034
0.072000000000000022315 2.1797471741477920659
0.074000000000000024092 2.1792361024705186878
0.076000000000000025868 2.1787126174765130138
0.078000000000000027645 2.1781768237775986918
0.080000000000000015543 2.1776288260184148982
0.082000000000000017319 2.1770687287629719719
0.084000000000000019096 2.1764966363865836385
0.086000000000000020872 2.1759126529735466349
0.088000000000000022649 2.1753168822202897381
0.090000000000000024425 2.1747094273440916723
0.092000000000000026201 2.1740903909973039454
0.094000000000000027978 2.173459875186944501
0.096000000000000029754 2.1728179811996128912
0.098000000000000017653 2.1721648095314973759
0.10000000000000001943 2.1715004598234890487
0.10200000000000002121 2.1708250308010721419
0.10400000000000002298 2.1701386202189461017
0.10600000000000002476 2.1694413248101036551
0.10800000000000002653 2.1687332402392436315
0.11000000000000002831 2.1680144610602609667
0.11200000000000001621 2.1672850806776402521
0.11400000000000001799 2.1665451913115485461
0.11600000000000001976 2.1657948839663974105
0.11800000000000002154 2.1650342484026476875
0.12000000000000002331 2.1642633731117300044
0.12200000000000002509 2.1634823452938034549
0.12400000000000002687 2.1626912508382716283
0.12600000000000002864 2.1618901743068468235
0.12800000000000003042 2.1610791989189142015
0.1300000000000000322 2.1602584065389325296
0.13200000000000003397 2.1594278776656574692
0.13400000000000003575 2.1585876914231159063
0.13600000000000000977 2.1577379255536319747
0.13800000000000001155 2.156878656413182771
0.14000000000000001332 2.1560099589690642219
0.1420000000000000151 2.1551319067988647937
0.14400000000000001688 2.1542445720888063754
0.14600000000000001865 2.1533480256300592259
0.14800000000000002043 2.1524423368141092361
0.1500000000000000222 2.1515275736322063693
0.15200000000000002398 2.150603802686291921
0.15400000000000002576 2.1496710892144905714
0.15600000000000002753 2.1487294971221939655
0.15800000000000002931 2.1477790889953221054
0.16000000000000003109 2.1468199260690177255
0.16200000000000003286 2.1458520681480397485
0.16400000000000003464 2.1448755735245370602
0.16600000000000003642 2.1438904989880782637
0.16800000000000003819 2.1428969000210233986
0.17000000000000001221 2.1418948311753651659
0.17200000000000001399 2.140884346446018327
0.17400000000000001577 2.139865499291347728
0.17600000000000001754 2.1388383419719492196
0.17800000000000001932 2.1378029242134202192
0.18000000000000002109 2.1367592918015319015
0.18200000000000002287 2.1357074862755967004
0.18400000000000002465 2.1346475469037828887
0.18600000000000002642 2.1335795152088348203
0.1880000000000000282 2.1325034405421265937
0.19000000000000002998 2.1314193833401486877
0.19200000000000003175 2.1303274119932051889
0.19400000000000003353 2.1292275908081972347
0.19600000000000003531 2.1281199604638070255
0.19800000000000003708 2.127004517262486516
0.2000000000000000111 2.1258812008434238017
0.20200000000000001288 2.1247498993418636459
0.20400000000000001465 2.1236104753825033598
0.20600000000000001643 2.1224628074976754633
0.20800000000000001821 2.1213068335048945734
0.21000000000000001998 2.1201425793916368612
0.21200000000000002176 2.1189701616288392216
0.21400000000000002354 2.1177897612155422991
0.21600000000000002531 2.1166015794689685414
0.21800000000000002709 2.1154057929225049683
0.22000000000000002887 2.1142025240390092122
0.22200000000000003064 2.1129918362705106816
0.22400000000000003242 2.1117737506596316877
0.22600000000000003419 2.1105482724705648678
0.22800000000000003597 2.1093154142532295481
0.23000000000000003775 2.1080752064277792357
0.23200000000000003952 2.1068276945014181578
0.23400000000000001354 2.1055729286943964951
0.23600000000000001532 2.1043109538742670317
0.2380000000000000171 2.1030418051582415728
0.24000000000000001887 2.1017655098303054118
0.24200000000000002065 2.100482092492985231
0.24400000000000002243 2.099191579486830328
0.2460000000000000242 2.0978940002956649735
0.24800000000000002598 2.0965893861838154066
0.25 2.0952777679036476144
0.25200000000000000178 2.0939591742648167028
0.25400000000000000355 2.092633632197300031
0.25600000000000000533 2.09130116775638486
0.25800000000000000711 2.0899618070870538133
0.26000000000000000888 2.0886155767312013509
0.26200000000000001066 2.0872625033182874432
0.26400000000000001243 2.0859026130846096692
0.26600000000000001421 2.0845359316220881674
0.26800000000000001599 2.0831624839471301058
0.27000000000000001776 2.0817822947152091473
0.27200000000000001954 2.0803953883619019649
0.27400000000000002132 2.0790017890831902214
0.27600000000000002309 2.0776015207165938747
0.27800000000000002487 2.0761946066337366723
0.28000000000000002665 2.0747810697023991722
0.28200000000000002842 2.0733609322987378576
0.2840000000000000302 2.0719342163168690263
0.28600000000000003197 2.070500943143289696
0.28800000000000003375 2.0690611336024282707
0.29000000000000003553 2.0676148078987273138
0.2920000000000000373 2.0661619855723980521
0.29400000000000003908 2.0647026854671537421
0.29600000000000004086 2.063236925698046953
0.29800000000000004263 2.0617647236114269305
0.30000000000000004441 2.0602860957380952911
0.30200000000000004619 2.0588010577457129813
0.30400000000000004796 2.0573096243944428707
0.30600000000000004974 2.0558118094954815902
0.30800000000000005151 2.0543076258696677527
0.31000000000000005329 2.052797085304822744
0.31200000000000005507 2.0512801985121784654
0.31400000000000000133 2.0497569750835689106
0.31600000000000000311 2.0482274234499948662
0.31800000000000000488 2.0466915508414631475
0.32000000000000000666 2.045149363247485752
0.32200000000000000844 2.0436008653780319833
0.32400000000000001021 2.0420460606252825997
0.32600000000000001199 2.0404849510264000401
0.32800000000000001377 2.0389175372275065712
0.33000000000000001554 2.0373438184486003522
0.33200000000000001732 2.0357637924493565684
0.3340000000000000191 2.0341774554957039456
0.33600000000000002087 2.0325848023271873011
0.33800000000000002265 2.0309858261251410028
0.34000000000000002442 2.0293805184815845166
0.3420000000000000262 2.0277688693686792831
0.34400000000000002798 2.0261508671087087308
0.34600000000000002975 2.0245264983445041551
0.34800000000000003153 2.0228957480100770994
0.35000000000000003331 2.0212585993014950958
0.35200000000000003508 2.0196150336477467491
0.35400000000000003686 2.017965030681435401
0.35600000000000003864 2.0163085682092614093
0.35800000000000004041 2.0146456221819732946
0.36000000000000004219 2.0129761666638774642
0.36200000000000004396 2.0113001738015814368
0.36400000000000004574 2.0096176137919403715
0.36600000000000004752 2.0079284548490559104
0.36800000000000004929 2.0062326631701745683
0.37000000000000005107 2.0045302029003178035
0.37200000000000005285 2.0028210360955576164
0.37400000000000005462 2.0011051226847600404
0.37600000000000000089 1.9993824204296688496
0.37800000000000000266 1.997652884883236668
0.38000000000000000444 1.9959164693461142193
0.38200000000000000622 1.994173124821200016
0.38400000000000000799 1.9924227999661558997
0.38600000000000000977 1.9906654410439283964
0.38800000000000001155 1.9889009918710467417
0.39000000000000001332 1.9871293937637861671
0.3920000000000000151 1.9853505854820290288
0.39400000000000001688 1.9835645031708619701
0.39600000000000001865 1.9817710802998242947
0.39800000000000002043 1.9799702475997726925
0.4000000000000000222 1.9781619329974893251
0.40200000000000002398 1.9763460615478867233
0.40400000000000002576 1.9745225553639538241
0.40600000000000002753 1.9726913335444957731
0.40800000000000002931 1.9708523120995962152
0.41000000000000003109 1.9690054038739628339
0.41200000000000003286 1.9671505184681441492
0.41400000000000003464 1.9652875621576835208
0.41600000000000003642 1.9634164378102276771
0.41800000000000003819 1.9615370448007900528
0.42000000000000003997 1.9596492789250912203
0.42200000000000004174 1.9577530323112724009
0.42400000000000004352 1.9558481933299716182
0.4260000000000000453 1.9539346465028841759
0.42800000000000004707 1.9520122724100130718
0.43000000000000004885 1.950080947595671077
0.43200000000000005063 1.9481405444733097543
0.4340000000000000524 1.9461909312293781404
0.43600000000000005418 1.9442319717262475098
0.43800000000000005596 1.9422635254044102737
0.44000000000000005773 1.9402854471840051964
0.442000000000000004 1.9382975873659664678
0.44400000000000000577 1.9362997915327957443
0.44600000000000000755 1.9342919004492395985
0.44800000000000000933 1.9322737499629638602
0.4500000000000000111 1.930245170905445562
0.45200000000000001288 1.9282059889931055796
0.45400000000000001465 1.9261560247289755132
0.45600000000000001643 1.924095093304938997
0.45800000000000001821 1.9220230045047221878
0.46000000000000001998 1.91993956260786236
0.46200000000000002176 1.917844566294744757
0.46400000000000002354 1.9157378085529428446
0.46600000000000002531 1.9136190765850820128
0.46800000000000002709 1.9114881517183022197
0.47000000000000002887 1.9093448093156051293
0.47200000000000003064 1.907188818689191212
0.47400000000000003242 1.9050199430159535652
0.47600000000000003419 1.9028379392553027571
0.47800000000000003597 1.9006425580694943367
0.48000000000000003775 1.8984335437466659524
0.48200000000000003952 1.8962106341268687437
0.4840000000000000413 1.8939735605312120192
0.48600000000000004308 1.8917220476944160978
0.48800000000000004485 1.8894558137007537724
0.49000000000000004663 1.8871745699235384919
0.49200000000000004841 1.8848780209683582143
0.49400000000000005018 1.882565864620520113
0.49600000000000005196 1.8802377917974231192
0.49800000000000005373 1.8778934865065370907
0.5 1.8755326258088502733
0.50200000000000000178 1.8731548797869148615
0.50400000000000000355 1.8707599115153805691
0.50600000000000000533 1.8683473770329461772
0.50800000000000000711 1.8659169253168212954
0.51000000000000000888 1.8634681982649290433
0.51200000000000001066 1.8610008306940430955
0.51400000000000001243 1.8585144503604702493
0.51600000000000001421 1.8560086780022650998
0.51800000000000001599 1.8534831273882628189
0.52000000000000001776 1.8509374053471479016
0.52200000000000001954 1.8483711117463983431
0.52400000000000002132 1.8457838394045786856
0.52600000000000002309 1.843175173949474388
0.52800000000000002487 1.8405446936686498116
0.53000000000000002665 1.8378919694216389047
0.53200000000000002842 1.8352165646778832997
0.5340000000000000302 1.8325180357092059058
0.53600000000000003197 1.8297959319121419597
0.53800000000000003375 1.8270497961877709692
0.54000000000000003553 1.8242791652889664977
0.5420000000000000373 1.8214835700657103779
0.54400000000000003908 1.818662535588985385
0.54600000000000004086 1.8158155811869205465
0.54800000000000004263 1.8129422204582610334
0.55000000000000004441 1.8100419613252141104
0.55200000000000004619 1.8071143061574757027
0.55400000000000004796 1.8041587519618902391
0.55600000000000004974 1.8011747906082216097
0.55800000000000005151 1.7981619090594205268
0.56000000000000005329 1.7951195895906719713
0.56200000000000005507 1.792047310000284277
0.56400000000000005684 1.7889445438263775756
0.56600000000000005862 1.7858107605819864006
0.5680000000000000604 1.7826454260127837514
0.57000000000000006217 1.7794480023734118301
0.57200000000000006395 1.7762179487160265623
0.57400000000000006573 1.772954721187075755
0.5760000000000000675 1.7696577733326492865
0.57800000000000006928 1.7663265564150858467
0.58000000000000007105 1.7629605197430535668
0.58200000000000007283 1.7595591110154580328
0.58400000000000007461 1.7561217766780798932
0.58600000000000007638 1.7526479622917587875
0.58800000000000007816 1.7491371129116939365
0.59000000000000007994 1.7455886734780170499
0.59200000000000008171 1.7420020892180516636
0.59400000000000008349 1.7383768060601307859
0.59600000000000008527 1.7347122710586957428
0.59800000000000008704 1.7310079328300846946
0.60000000000000008882 1.7272632419987878905
0.60199999999999997957 1.7234776516537781976
0.60399999999999998135 1.7196506178147750177
0.60599999999999998312 1.7157815999081322822
0.6079999999999999849 1.7118700612518651383
0.60999999999999998668 1.7079154695495590843
0.61199999999999998845 1.7039172973924823218
0.61399999999999999023 1.6998750227695735848
0.61599999999999999201 1.6957881295846746195
0.61799999999999999378 1.6916561081805221445
0.61999999999999999556 1.6874784558688400438
0.62199999999999999734 1.6832546774659324917
0.62399999999999999911 1.6789842858331998077
0.62600000000000000089 1.6746668024218853699
0.62800000000000000266 1.6703017578213676941
0.63000000000000000444 1.665888692310314223
0.63200000000000000622 1.6614271564098710421
0.63400000000000000799 1.6569167114380696226
0.63600000000000000977 1.6523569300646618885
0.63800000000000001155 1.6477473968653577607
0.64000000000000001332 1.6430877088746831394
0.6420000000000000151 1.6383774761364966466
0.64400000000000001688 1.6336163222512030124
0.64600000000000001865 1.628803884918727185
0.64800000000000002043 1.6239398164763105825
0.6500000000000000222 1.6190237844299821823
0.65200000000000002398 1.6140554719788369198
0.65400000000000002576 1.6090345785308919346
0.65600000000000002753 1.6039608202094681744
0.65800000000000002931 1.5988339303490102239
0.66000000000000003109 1.5936536599792230362
0.66200000000000003286 1.5884197782963891399
0.66400000000000003464 1.5831320731208742281
0.66600000000000003642 1.5777903513396929203
0.66800000000000003819 1.5723944393331801272
0.67000000000000003997 1.5669441833847057577
0.67200000000000004174 1.5614394500724357862
0.67400000000000004352 1.5558801266422914722
0.6760000000000000453 1.5502661213611332869
0.67800000000000004707 1.54459736384934887
0.68000000000000004885 1.5388738053922907945
0.68200000000000005063 1.5330954192298111849
0.6840000000000000524 1.5272622008235929858
0.68600000000000005418 1.5213741681019574692
0.68800000000000005596 1.515431361682050948
0.69000000000000005773 1.5094338450695092835
0.69200000000000005951 1.5033817048358977253
0.69400000000000006128 1.4972750507743448622
0.69600000000000006306 1.4911140160342459815
0.69800000000000006484 1.4848987572359115816
0.70000000000000006661 1.4786294545665183975
0.70200000000000006839 1.4723063118589811982
0.70400000000000007017 1.4659295566555443635
0.70600000000000007194 1.4594994402584147153
0.70800000000000007372 1.453016237769758856
0.7100000000000000755 1.4464802481238911991
0.71200000000000007727 1.4398917941144855348
0.71400000000000007905 1.4332512224198687978
0.71600000000000008082 1.4265589036295529546
0.7180000000000000826 1.419815232275179584
0.72000000000000008438 1.4130206268689984306
0.72200000000000008615 1.4061755299527480823
0.72400000000000008793 1.3992804081597889354
0.72600000000000008971 1.3923357522926336216
0.72799999999999998046 1.385342077417790696
0.72999999999999998224 1.3782999229789627549
0.73199999999999998401 1.3712098529290761562
0.73399999999999998579 1.3640724558805861211
0.73599999999999998757 1.3568883452726820948
0.73799999999999998934 1.349658159552992398
0.73999999999999999112 1.3423825623703966592
0.74199999999999999289 1.3350622427745615362
0.74399999999999999467 1.3276979154169878949
0.74599999999999999645 1.3202903207474205871
0.74799999999999999822 1.3128402251988997573
0.75 1.3053484213541288739
0.75200000000000000178 1.2978157280854727418
0.75400000000000000355 1.2902429906608063881
0.75600000000000000533 1.2826310808074825598
0.75800000000000000711 1.2749808967270790383
0.76000000000000000888 1.2672933630539495731
0.76200000000000001066 1.2595694307515876709
0.76400000000000001243 1.2518100769413598172
0.76600000000000001421 1.2440163046594805429
0.76800000000000001599 1.2361891425388797927
0.77000000000000001776 1.2283296444140052728
0.77200000000000001954 1.2204388888475294905
0.77400000000000002132 1.2125179785792585818
0.77600000000000002309 1.2045680398983173998
0.77800000000000002487 1.1965902219408182106
0.78000000000000002665 1.1885856959158482837
0.78200000000000002842 1.1805556542633051098
0.7840000000000000302 1.1725013097477336999
0.78600000000000003197 1.1644238944928795298
0.78800000000000003375 1.1563246589620472804
0.79000000000000003553 1.1482048708895851163
0.7920000000000000373 1.1400658141689317127
0.79400000000000003908 1.1319087877025220124
0.79600000000000004086 1.1237351042186296546
0.79800000000000004263 1.1155460890599773194
0.80000000000000004441 1.1073430789487277437
0.80200000000000004619 1.0991274207323953327
0.80400000000000004796 1.0909004701148847793
0.80600000000000004974 1.0826635903769354918
0.80800000000000005151 1.0744181510897559129
0.81000000000000005329 1.0661655268254399687
0.81200000000000005507 1.0579070958673695291
0.81400000000000005684 1.0496442389233449077
0.81600000000000005862 1.0413783378440450988
0.8180000000000000604 1.033110774349019545
0.82000000000000006217 1.0248429287623173067
0.82200000000000006395 1.016576178759677429
0.82400000000000006573 1.0083118981290288829
0.8260000000000000675 1.000051455545913015
0.82800000000000006928 0.99179621336533629883
0.83000000000000007105 0.98354752643135101575
0.83200000000000007283 0.97530674090557978317
0.83400000000000007461 0.96707519311571177312
0.83600000000000007638 0.95885420842497537386
0.83800000000000007816 0.9506451001234135223
0.84000000000000007994 0.94244916834180503251
0.84200000000000008171 0.93426769898891581789
0.84400000000000008349 0.92610196271274802804
0.84600000000000008527 0.91795321388640349625
0.84800000000000008704 0.90982268961918144612
0.85000000000000008882 0.90171160879335288119
0.85200000000000009059 0.89362117112718064682
0.85400000000000009237 0.88555255626446449657
0.85600000000000009415 0.87750692289094789356
0.8579999999999999849 0.86948540787779882155
0.85999999999999998668 0.861489125452369775
0.86199999999999998845 0.85351916639665570408
0.86399999999999999023 0.84557659727356138113
0.86599999999999999201 0.83766245968028152369
0.86799999999999999378 0.82977776952721060688
0.86999999999999999556 0.8219235163427783819
0.87199999999999999734 0.81410066261007441035
0.87399999999999999911 0.80631014314167481771
0.87600000000000000089 0.79855286448108153685
0.87800000000000000266 0.79082970429080612362
0.88000000000000000444 0.78314151070585613645
0.88200000000000000622 0.77548910174993057609
0.88400000000000000799 0.76787326502779373882
0.88600000000000000977 0.76029475770937038348
0.88800000000000001155 0.75275430616744198886
0.89000000000000001332 0.74525260422375649849
0.8920000000000000151 0.73779031024203045597
0.89400000000000001688 0.73036804647254149891
0.89600000000000001865 0.7229864054869087342
0.89800000000000002043 0.71564596229666377347
0.9000000000000000222 0.70834727698749611058
0.90200000000000002398 0.70109086623315164388
0.90400000000000002576 0.69387714518195886537
0.90600000000000002753 0.68670639501588470743
0.90800000000000002931 0.67957885078388247102
0.91000000000000003109 0.67249496002152597818
0.91200000000000003286 0.66545571977850803691
0.91400000000000003464 0.65846285667856996326
0.91600000000000003642 0.65151863108774388245
0.91800000000000003819 0.644625280119302424
0.92000000000000003997 0.63778440746728848332
0.92200000000000004174 0.63099671071686591617
0.92400000000000004352 0.62426219472247268527
0.9260000000000000453 0.61758064953101543537
0.92800000000000004707 0.61095201047804392758
0.93000000000000004885 0.60437639852450852906
0.93200000000000005063 0.59785395090623383307
0.9340000000000000524 0.59138468354986284403
0.93600000000000005418 0.58496849931897809682
0.93800000000000005596 0.57860526845458926104
0.94000000000000005773 0.57229486600994383672
0.94200000000000005951 0.56603714585603126519
0.94400000000000006128 0.5598319085663159278
0.94600000000000006306 0.55367890135056596623
0.94800000000000006484 0.54757783358729406054
0.95000000000000006661 0.541528380178296187
0.95200000000000006839 0.5355301727298631409
0.95400000000000007017 0.52958279294173493668
0.95600000000000007194 0.52368577302092333969
0.95800000000000007372 0.51783859457314540542
0.9600000000000000755 0.51204068484851661403
0.96200000000000007727 0.50629140874805655947
0.96400000000000007905 0.50059006630036795293
0.96600000000000008082 0.49493588040370883885
0.9680000000000000826 0.48932799687023686985
0.97000000000000008438 0.48376545586264163568
0.97200000000000008615 0.47824720598646985881
0.97400000000000008793 0.47277203263783296183
0.97600000000000008971 0.46733861563178391574
0.97800000000000009148 0.4619453438152091862
0.98000000000000009326 0.45659053361455964604
0.98200000000000009504 0.4512719434755779746
0.98399999999999998579 0.44598728781634877638
0.98599999999999998757 0.44073320074590688344
0.98799999999999998934 0.43550563239418138561
0.98999999999999999112 0.43030051712242928241
0.99199999999999999289 0.42510496087104593377
0.99399999999999999467 0.41992250077832965482
0.99599999999999999645 0.41468585380457845257
0.99799999999999999822 0.40950491614557660291
1 0.40411707572347554951
