-5.249224517952932
-5.244545804009864
-5.239871460143804
-5.235185686326877
-5.2304837264480355
-5.225762919952136
-5.221021436326303
-5.216257876479079
-5.211471099555404
-5.2066601331435445
-5.2018241212848055
-5.196962292006785
-5.192073935896423
-5.187158391351027
-5.182215034085604
-5.17724326946755
-5.172242526793117
-5.167212254934614
-5.1621519189782
-5.1570609975923825
-5.151938980945503
-5.146785369042644
-5.141599670387921
-5.136381400902824
-5.1311300830486894
-5.125845245113923
-5.120526420635643
-5.115173147932155
-5.109784969727658
-5.1043614328543425
-5.0989020880199805
-5.093406489631286
-5.087874195665124
-5.082304767580992
-5.076697770269306
-5.071052772030919
-5.065369344583989
-5.0596470630949275
-5.053885506230597
-5.048084256229361
-5.04224289898888
-5.036361024168844
-5.0304382253070425
-5.0244740999473585
-5.01846824977846
-5.01242028078206
-5.0063298033897645
-5.000196432647589
-4.994019788387344
-4.987799495404137
-4.981535183639297
-4.975226488368089
-4.968873050391637
-4.962474516232478
-4.956030538333257
-4.949540775258036
-4.943004891895779
-4.936422559665538
-4.929793456722934
-4.923117268167494
-4.916393686250461
-4.90962241058268
-4.902803148342172
-4.8959356144810435
-4.889019531931342
-4.882054631809516
-4.875040653619125
-4.867977345451443
-4.860864464183615
-4.85370177567403
-4.846489054954561
-4.839226086419354
-4.831912664009819
-4.824548591395494
-4.817133682150475
-4.809667759925057
-4.8021506586122955
-4.794582222509151
-4.786962306471913
-4.779290776065594
-4.771567507706985
-4.7637923888010825
-4.755965317870584
-4.74808620467818
-4.7401549703413615
-4.732171547439465
-4.724135880112722
-4.716047924153036
-4.707907647086286
-4.699715028245904
-4.691470058837541
-4.683172741994627
-4.674823092824643
-4.666421138445946
-4.657966918015026
-4.6494604827440495
-4.640901895908608
-4.632291232845586
-4.623628580941089
-4.614914039608402
-4.606147720255953
-4.5973297462453075
-4.588460252839214
-4.579539387139754
-4.570567308016679
-4.561544186026044
-4.552470203319228
-4.543345553542523
-4.5341704417274284
-4.524945084171839
-4.515669708312341
-4.506344552587821
-4.496969866294634
-4.48754590943358
-4.478072952548957
-4.468551276559973
-4.458981172584802
-4.449362941757595
-4.439696895038747
-4.429983353018747
-4.420222645715937
-4.4104151123684945
-4.400561101220995
-4.390660969305868
-4.380715082220101
-4.370723813897514
-4.360687546376949
-4.350606669566712
-4.340481581005581
-4.330312685620728
-4.320100395482868
-4.309845129558947
-4.299547313462695
-4.289207379203343
-4.278825764932788
-4.268402914691535
-4.2579392781536605
-4.247435310371103
-4.236891471517535
-4.226308226632088
-4.2156860453631735
-4.205025401712661
-4.194326773780635
-4.183590643510968
-4.1728174964379345
-4.1620078214340746
-4.151162110459515
-4.140280858312943
-4.129364562384434
-4.118413722410296
-4.107428840230134
-4.096410419546272
-4.085358965685722
-4.074274985364832
-4.063158986456777
-4.052011477762017
-4.04083296878187
-4.029623969495319
-4.018384990139174
-4.007116540991708
-3.9958191321598626
-3.9844932733701435
-3.973139473763282
-3.9617582416927664
-3.9503500845273165
-3.9389155084573875
-3.927455018305768
-3.915969117342346
-3.904458307103094
-3.8929230872133402
-3.8813639552153663
-3.8697814064003824
-3.8581759336449184
-3.846548027251662
-3.834898174794782
-3.8232268609697533
-3.811534567447709
-3.7998217727343357
-3.788088952033323
-3.77633657711437
-3.764565116185762
-3.7527750337715045
-3.74096679059302
-3.7291408434553923
-3.717297645138148
-3.705437644290561
-3.6935612853314588
-3.681669008353506
-3.6697612490319482
-3.657838438537774
-3.6459010034552772
-3.6339493657039768
-3.6219839424648588
-3.6100051461109053
-3.5980133841418644
-3.586009059123218
-3.5739925686293037
-3.5619643051905414
-3.549924656244716
-3.5378740040922616
-3.5258127258554977
-3.513741193441761
-3.501659773510376
-3.4895688274434074
-3.477468711320136
-3.4653597758951955
-3.45324236658031
-3.4411168234295726
-3.428983481128195
-3.41684266898467
-3.4046947109262744
-3.3925399254978568
-3.3803786258638278
-3.368211119813298
-3.356037709768287
-3.3438586927949365
-3.331674360617656
-3.3194849996361304
-3.3072908909451164
-3.295092310356957
-3.28288952842674
-3.270682810480026
-3.25847241664307
-3.246258601875466
-3.234041616005134
-3.2218217037655763
-3.2095991048353243
-3.1973740538795
-3.1851467805934126
-3.172917509748114
-3.1606864612378325
-3.148453850129208
-3.136219886712245
-3.1239847765529096
-3.111748720547284
-3.099511914977203
-3.0872745515672904
-3.075036817543314
-3.0627988956917775
-3.0505609644206757
-3.038323197821319
-3.0260857657311617
-3.013848833797543
-3.0016125635422655
-2.9893771124269324
-2.97714263391896
-2.9649092775581933
-2.9526771890240378
-2.9404465102030426
-2.928217379256846
-2.915989930690417
-2.903764295420514
-2.89154060084429
-2.879318970907967
-2.8670995261755183
-2.854882383897279
-2.8426676580784243
-2.8304554595472426
-2.818245896023149
-2.8060390721843635
-2.7938350897352016
-2.7816340474729158
-2.7694360413540298
-2.757241164560111
-2.7450495075629284
-2.7328611581889444
-2.7206762016830903
-2.708494720771783
-2.696316795725136
-2.6841425044183205
-2.6719719223920433
-2.6598051229120987
-2.6476421770279623
-2.635483153630395
-2.623328119508024
-2.61117713940288
-2.5990302760648567
-2.586887590305078
-2.574749141048148
-2.5626149853832674
-2.550485178614202
-2.5383597743080877
-2.526238824343062
-2.5141223789547147
-2.502010486781349
-2.4899031949080497
-2.4778005489095576
-2.4657025928919443
-2.4536093695330954
-2.4415209201220023
-2.4294372845968666
-2.4173585015820263
-2.40528460842371
-2.393215641224632
-2.381151634877437
-2.369092623097006
-2.3570386384516446
-2.3449897123931587
-2.332945875285844
-2.3209071564343993
-2.3088735841107884
-2.296845185580063
-2.2848219871251754
-2.272804014070793
-2.2607912908061443
-2.2487838408069147
-2.2367816866562125
-2.224784850064635
-2.212793351889452
-2.2008072121529354
-2.1888264500598544
-2.1768510840141655
-2.1648811316349184
-2.1529166097714034
-2.140957534517566
-2.1290039212257117
-2.117055784519525
-2.1051131383064297
-2.093175995789312
-2.081244369477631
-2.0693182711979414
-2.05739771210385
-2.0454827026854314
-2.033573252778122
-2.021669371571119
-2.0097710676153033
-1.99787834883071
-1.9859912225135632
-1.9741096953429038
-1.962233773386821
-1.9503634621083141
-1.9384987663708013
-1.9266396904432936
-1.9147862380052532
-1.9029384121511528
-1.8910962153947546
-1.879259649673123
-1.8674287163503906
-1.855603416221289
-1.8437837495144633
-1.8319697158955808
-1.8201613144702524
-1.808358543786776
-1.7965614018387168
-1.784769886067338
-1.7729839933638907
-1.761203720071778
-1.7494290619886022
-1.7376600143681051
-1.7258965719220147
-1.714138728821803
-1.7023864787003697
-1.6906398146536545
-1.6788987292421929
-1.6671632144926172
-1.655433261899115
-1.64370886242485
-1.6319900065033512
-1.6202766840398808
-1.6085688844127812
-1.5968665964748117
-1.5851698085544783
-1.5734785084573613
-1.5617926834674463
-1.5501123203484632
-1.538437405345237
-1.5267679241850534
-1.5151038620790453
-1.503445203723602
-1.4917919333018024
-1.4801440344848813
-1.4685014904337226
-1.4568642838003905
-1.445232396729695
-1.433605810860797
-1.4219845073288535
-1.4103684667667051
-1.3987576693066073
-1.3871520945820064
-1.375551721729363
-1.3639565293900213
-1.352366495712129
-1.3407815983526044
-1.3292018144791542
-1.3176271207723433
-1.3060574934277143
-1.2944929081579586
-1.2829333401951406
-1.2713787642929728
-1.259829154729145
-1.2482844853077044
-1.23674472936149
-1.2252098597546186
-1.2136798488850251
-1.202154668687054
-1.190634290634105
-1.1791186857413316
-1.1676078245683914
-1.15610167722225
-1.144600213360038
-1.1331034021919588
-1.1216112124842526
-1.110123612562209
-1.098640570313235
-1.0871620531899742
-1.0756880282134795
-1.0642184619764374
-1.0527533206464452
-1.0412925699693414
-1.0298361752725875
-1.0183841014687027
-1.0069363130587514
-0.995492774135882
-0.9840534483889193
-0.9726182991060074
-0.9611872891783054
-0.9497603811037343
-0.9383375369907748
-0.9269187185623164
-0.9155038871595559
-0.9040930037459456
-0.8926860289111909
-0.8812829228752949
-0.8698836454926503
-0.858488156256177
-0.8470964143015041
-0.8357083784111946
-0.8243240070190122
-0.8129432582142271
-0.8015660897459601
-0.7901924590275626
-0.7788223231410298
-0.7674556388414463
-0.7560923625614598
-0.7447324504157826
-0.7333758582057167
-0.722022541423701
-0.7106724552578775
-0.6993255545966742
-0.6879817940334033
-0.6766411278708696
-0.6653035101259903
-0.6539688945344218
-0.6426372345551923
-0.6313084833753397
-0.6199825939145517
-0.608659518829809
-0.5973392105200301
-0.5860216211307191
-0.5747067025586147
-0.5633944064563443
-0.5520846842370838
-0.5407774870792249
-0.5294727659310549
-0.5181704715154506
-0.5068705543345944
-0.49557296467471457
-0.4842776526108593
-0.4729845680117109
-0.46169366054444805
-0.45040487967966725
-0.43911817469637265
-0.42783349468704696
-0.41655078856281585
-0.40527000505872046
-0.39399109273911304
-0.38271400000319317
-0.3714386750907023
-0.36016506608779675
-0.3488931209331215
-0.33762278742410756
-0.3263540132235192
-0.31508674586627966
-0.30382093276660627
-0.2925565212254897
-0.2812934584385556
-0.2700316915043518
-0.25877116743310996
-0.24751183315603642
-0.23625363553519554
-0.22499652137405943
-0.21374043742880863
-0.20248533042048533
-0.19123114704811872
-0.1799778340029676
-0.16872533798405667
-0.15747360571522465
-0.14622258396395738
-0.13497221956235342
-0.12372245943067144
-0.11247325060405208
-0.10122454026321343
-0.08997627577022464
-0.07872840471092436
-0.06748087494627693
-0.05623363467622362
-0.04498663252210322
-0.03373981763875107
-0.022493139874795585
-0.011246550000966587
0.0
0.011246550000966605
0.02249313987479563
0.03373981763875112
0.044986632522103276
0.056233634676223686
0.06748087494627698
0.0787284047109244
0.08997627577022468
0.10122454026321347
0.11247325060405211
0.12372245943067145
0.13497221956235342
0.14622258396395738
0.15747360571522465
0.16872533798405667
0.17997783400296757
0.19123114704811867
0.20248533042048525
0.21374043742880855
0.22499652137405934
0.23625363553519546
0.24751183315603634
0.2587711674331099
0.2700316915043517
0.28129345843855547
0.2925565212254896
0.30382093276660616
0.31508674586627955
0.3263540132235191
0.33762278742410745
0.3488931209331214
0.36016506608779664
0.37143867509070216
0.38271400000319306
0.3939910927391129
0.40527000505872035
0.4165507885628158
0.4278334946870469
0.4391181746963726
0.4504048796796672
0.461693660544448
0.47298456801171085
0.48427765261085925
0.4955729646747145
0.5068705543345944
0.5181704715154506
0.5294727659310547
0.5407774870792248
0.5520846842370837
0.5633944064563442
0.5747067025586147
0.5860216211307192
0.5973392105200303
0.608659518829809
0.6199825939145517
0.6313084833753396
0.6426372345551922
0.6539688945344216
0.6653035101259902
0.6766411278708695
0.6879817940334032
0.6993255545966741
0.7106724552578774
0.7220225414237009
0.7333758582057166
0.7447324504157825
0.7560923625614597
0.7674556388414462
0.7788223231410297
0.7901924590275625
0.80156608974596
0.812943258214227
0.8243240070190121
0.8357083784111945
0.847096414301504
0.8584881562561768
0.8698836454926501
0.8812829228752946
0.8926860289111906
0.9040930037459454
0.9155038871595557
0.9269187185623162
0.9383375369907746
0.9497603811037341
0.9611872891783052
0.9726182991060072
0.9840534483889191
0.9954927741358818
1.0069363130587512
1.0183841014687025
1.0298361752725873
1.0412925699693412
1.052753320646445
1.0642184619764372
1.0756880282134793
1.087162053189974
1.0986405703132347
1.1101236125622087
1.1216112124842523
1.1331034021919586
1.1446002133600377
1.1561016772222499
1.1676078245683912
1.1791186857413314
1.1906342906341048
1.2021546686870537
1.213679848885025
1.2252098597546184
1.2367447293614897
1.2482844853077042
1.2598291547291447
1.2713787642929726
1.2829333401951404
1.2944929081579584
1.306057493427714
1.3176271207723431
1.329201814479154
1.3407815983526041
1.3523664957121289
1.363956529390021
1.3755517217293627
1.3871520945820062
1.398757669306607
1.410368466766705
1.4219845073288533
1.4336058108607967
1.4452323967296947
1.4568642838003902
1.4685014904337224
1.480144034484881
1.4917919333018022
1.5034452037236015
1.515103862079045
1.526767924185053
1.5384374053452365
1.5501123203484628
1.5617926834674458
1.5734785084573608
1.5851698085544779
1.5968665964748112
1.6085688844127808
1.6202766840398803
1.6319900065033508
1.6437088624248495
1.6554332618991145
1.6671632144926167
1.6788987292421924
1.690639814653654
1.7023864787003693
1.7141387288218028
1.7258965719220143
1.7376600143681047
1.7494290619886017
1.7612037200717776
1.7729839933638902
1.7847698860673376
1.7965614018387164
1.8083585437867755
1.820161314470252
1.8319697158955803
1.8437837495144629
1.8556034162212887
1.8674287163503902
1.8792596496731226
1.8910962153947541
1.9029384121511523
1.9147862380052527
1.9266396904432932
1.9384987663708009
1.9503634621083137
1.9622337733868205
1.9741096953429034
1.9859912225135627
1.9978783488307092
2.009771067615303
2.0216693715711185
2.0335732527781216
2.045482702685431
2.0573977121038496
2.069318271197941
2.0812443694776306
2.0931759957893115
2.105113138306429
2.1170557845195246
2.1290039212257112
2.1409575345175655
2.152916609771403
2.164881131634918
2.176851084014165
2.188826450059854
2.200807212152935
2.2127933518894514
2.2247848500646343
2.236781686656212
2.2487838408069143
2.260791290806144
2.2728040140707924
2.284821987125175
2.2968451855800627
2.308873584110788
2.320907156434399
2.3329458752858434
2.3449897123931582
2.357038638451644
2.3690926230970057
2.3811516348774364
2.3932156412246317
2.4052846084237096
2.417358501582026
2.429437284596866
2.441520920122002
2.453609369533095
2.465702592891944
2.477800548909557
2.4899031949080492
2.5020104867813484
2.5141223789547142
2.5262388243430616
2.5383597743080872
2.5504851786142018
2.562614985383267
2.5747491410481476
2.5868875903050776
2.5990302760648563
2.6111771394028795
2.6233281195080234
2.6354831536303944
2.647642177027962
2.6598051229120983
2.671971922392043
2.68414250441832
2.6963167957251355
2.7084947207717827
2.72067620168309
2.732861158188944
2.745049507562928
2.7572411645601105
2.7694360413540293
2.7816340474729153
2.793835089735201
2.806039072184363
2.8182458960231487
2.8304554595472418
2.842667658078423
2.854882383897278
2.867099526175517
2.8793189709079656
2.8915406008442885
2.9037642954205127
2.9159899306904156
2.9282173792568447
2.9404465102030413
2.9526771890240364
2.964909277558192
2.977142633918959
2.989377112426931
3.001612563542264
3.0138488337975415
3.0260857657311604
3.0383231978213177
3.0505609644206744
3.062798895691776
3.0750368175433125
3.087274551567289
3.0995119149772017
3.1117487205472827
3.1239847765529083
3.1362198867122437
3.1484538501292065
3.160686461237831
3.1729175097481126
3.1851467805934113
3.1973740538794986
3.209599104835323
3.221821703765575
3.2340416160051326
3.2462586018754647
3.2584724166430687
3.2706828104800247
3.2828895284267388
3.2950923103569556
3.307290890945115
3.319484999636129
3.331674360617655
3.343858692794935
3.3560377097682856
3.3682111198132967
3.3803786258638264
3.3925399254978554
3.404694710926273
3.4168426689846685
3.428983481128194
3.4411168234295713
3.4532423665803087
3.465359775895194
3.477468711320135
3.489568827443406
3.5016597735103745
3.5137411934417595
3.5258127258554963
3.5378740040922603
3.549924656244715
3.56196430519054
3.5739925686293024
3.5860090591232168
3.5980133841418636
3.6100051461109044
3.621983942464858
3.633949365703976
3.6459010034552763
3.657838438537773
3.6697612490319473
3.6816690083535053
3.693561285331458
3.7054376442905603
3.717297645138147
3.7291408434553914
3.7409667905930193
3.7527750337715036
3.764565116185761
3.7763365771143693
3.788088952033322
3.799821772734335
3.811534567447708
3.8232268609697524
3.8348981747947812
3.8465480272516612
3.8581759336449175
3.8697814064003815
3.8813639552153654
3.8929230872133394
3.904458307103093
3.915969117342345
3.9274550183057677
3.938915508457387
3.950350084527316
3.961758241692766
3.9731394737632817
3.984493273370143
3.995819132159862
4.007116540991707
4.0183849901391735
4.029623969495318
4.040832968781869
4.052011477762016
4.063158986456776
4.0742749853648315
4.085358965685721
4.096410419546271
4.107428840230133
4.1184137224102955
4.129364562384433
4.140280858312942
4.151162110459514
4.162007821434074
4.172817496437934
4.183590643510967
4.1943267737806345
4.2050254017126605
4.215686045363173
4.226308226632087
4.236891471517534
4.2474353103711024
4.25793927815366
4.268402914691534
4.278825764932787
4.289207379203342
4.2995473134626945
4.309845129558946
4.320100395482867
4.3303126856207275
4.34048158100558
4.350606669566711
4.3606875463769486
4.370723813897513
4.3807150822201
4.390660969305867
4.400561101220994
4.410415112368494
4.420222645715936
4.429983353018746
4.439696895038746
4.449362941757594
4.458981172584801
4.468551276559972
4.478072952548956
4.487545909433579
4.496969866294633
4.50634455258782
4.51566970831234
4.524945084171838
4.534170441727428
4.5433455535425225
4.552470203319227
4.561544186026043
4.570567308016678
4.579539387139753
4.588460252839213
4.597329746245307
4.606147720255951
4.6149140396084
4.623628580941087
4.632291232845584
4.640901895908606
4.649460482744048
4.657966918015024
4.666421138445944
4.674823092824641
4.683172741994626
4.691470058837539
4.699715028245902
4.707907647086285
4.716047924153035
4.72413588011272
4.732171547439464
4.74015497034136
4.748086204678178
4.755965317870582
4.763792388801081
4.771567507706983
4.779290776065592
4.786962306471911
4.794582222509149
4.802150658612294
4.8096677599250555
4.817133682150473
4.824548591395493
4.831912664009817
4.839226086419353
4.846489054954559
4.853701775674028
4.860864464183614
4.8679773454514415
4.8750406536191235
4.882054631809514
4.88901953193134
4.895935614481042
4.90280314834217
4.909622410582678
4.916393686250459
4.923117268167492
4.9297934567229325
4.9364225596655364
4.943004891895777
4.9495407752580345
4.9560305383332555
4.962474516232477
4.968873050391635
4.9752264883680875
4.981535183639295
4.987799495404135
4.994019788387342
5.000196432647587
5.006329803389763
5.012420280782059
5.018468249778458
5.024474099947357
5.030438225307041
5.036361024168842
5.042242898988878
5.048084256229359
5.053885506230595
5.059647063094926
5.065369344583988
5.071052772030917
5.076697770269305
5.0823047675809905
5.087874195665123
5.093406489631284
5.098902088019979
5.104361432854341
5.109784969727656
5.115173147932153
5.120526420635641
5.125845245113921
5.131130083048688
5.136381400902822
5.14159967038792
5.146785369042642
5.151938980945501
5.157060997592381
5.162151918978198
5.167212254934612
5.172242526793116
5.1772432694675485
5.182215034085602
5.1871583913510255
5.192073935896421
5.196962292006783
5.201824121284804
5.206660133143543
5.2114710995554026
5.2162578764790775
5.221021436326301
5.2257629199521345
5.230483726448034
5.235185686326875
5.239871460143802
5.244545804009862
5.24922451795293
