0.5859031501770899
0.5837753355900784
0.5848106309248448
0.5866328233068717
0.5888571464034523
0.5913444775713746
0.5940264288869542
0.59686353291894
0.599830697999676
0.6029109049652537
0.6060920597195585
0.6093652597855103
0.6127237678050095
0.6161623685438748
0.6196769478120644
0.6232642067013352
0.6269214619068867
0.6306465027190398
0.634437486384549
0.6382928600698401
0.6422113016499391
0.6461916740647414
0.650232989615821
0.6543343816585098
0.6584950818750017
0.6627144018165982
0.6669917177535205
0.6713264581183133
0.6757180930060325
0.6801661253227294
0.6846700832678367
0.6892295139057837
0.6938439776345324
0.6985130433983899
0.7032362845229865
0.708013275073842
0.7128435866585188
0.7177267856068977
0.7226624304757902
0.7276500698334276
0.7326892402869164
0.7377794647218772
0.7429202507285126
0.7481110891924599
0.7533514530321928
0.758640796067551
0.7639785520063135
0.7693641335377316
0.7747969315235099
0.7802763142781712
0.7858016269319056
0.7913721908699096
0.7969873032431875
0.8026462365463882
0.8083482382589516
0.814092530546272
0.8198783100181404
0.8257047475420024
0.8315709881090076
0.8374761507510309
0.8434193285071508
0.8493995884382415
0.8554159716885841
0.8614674935934782
0.8675531438320377
0.8736718866244799
0.8798226609732137
0.8860043809472873
0.8922159360096343
0.8984561913867527
0.9047239884804221
0.9110181453211196
0.9173374570627297
0.9236806965183105
0.9300466147364643
0.9364339416179904
0.9428413865724
0.9492676392137996
0.9557113700957021
0.9621712314840786
0.968645858168086
0.9751338683076528
0.9816338643170837
0.9881444337837882
0.994664150420939
1.0011915750530216
1.0077252566328108
1.0142637332884559
1.020805533399002
1.0273491766966714
1.0338931753940719
1.0404360353342965
1.0469762571618797
1.0535123375122932
1.0600427702177009
1.066566047526473
1.0730806613339314
1.0795851044216318
1.0860778717025645
1.0925574614693774
1.0990223766429263
1.1054711260182388
1.1119022255050488
1.1183141993601031
1.1247055814083828
1.1310749162504947
1.1374207604535083
1.1437416837226226
1.1500362700511262
1.1563031188461872
1.162540846028239
1.1687480851017051
1.1749234881950876
1.1810657270685485
1.1871734940872287
1.1932455031587972
1.1992804906338594
1.205277216167951
1.211234463544205
1.2171510414557039
1.2230257842469214
1.2288575526136785
1.2346452342612462
1.240387744520398
1.2460840269213296
1.2517330537254876
1.2573338264155351
1.2628853761437258
1.2683867641391158
1.2738370820741338
1.279235452391081
1.2845810285892658
1.2898729954734982
1.2951105693647682
1.300292998273932
1.3054195620393232
1.3104895724292263
1.315502373210135
1.3204573401818074
1.3253538811800762
1.3301914360484632
1.3349694765795235
1.3396875064270057
1.3443450609897891
1.3489417072685663
1.3534770436963348
1.35795069994359
1.3623623366992255
1.3667116454281125
1.370998348106239
1.375222196934371
1.379382974031137
1.3834804911064185
1.3875145891159122
1.391485137897794
1.3953920357922045
1.3992352092445342
1.4030146123932177
1.4067302266428894
1.410382060223712
1.413970147737606
1.4174945496921794
1.4209553520231228
1.4243526656057917
1.4276866257566847
1.43095739172562
1.4341651461792
1.4373100946763697
1.4403924651366584
1.443412507301849
1.4463704921916791
1.4492667115542526
1.452101477311788
1.4548751210022697
1.4575879932177134
1.4602404630395154
1.462832917471581
1.4653657608716537
1.4678394143815363
1.4702543153566343
1.4726109167953805
1.4749096867689886
1.477151107852129
1.4793356765548373
1.481463902756243
1.4835363091404767
1.4855534306351676
1.4875158138529834
1.489424016536534
1.4912786070070483
1.4930801636171447
1.49482927420803
1.496526535571478
1.4981725529168421
1.4997679393433794
1.5013133153182618
1.5028093081603577
1.5042565515301813
1.5056556849261666
1.5070073531874675
1.5083122060035454
1.5095708974306776
1.510784085415617
1.511952431326511
1.5130765994913205
1.5141572567438475
1.5151950719774743
1.5161907157068342
1.5171448596375126
1.5180581762438428
1.5189313383549896
1.5197650187494314
1.5205598897578314
1.5213166228746176
1.5220358883780984
1.522718354959469
1.5233646893605952
1.523975556020821
1.5245516167327349
1.5250935303071138
1.5256019522470772
1.526077534431451
1.5265209248075764
1.5269327670934727
1.5273137004895534
1.5276643593998815
1.5279853731630948
1.5282773657929936
1.528540955728883
1.5287767555958096
1.5289853719745583
1.5291674051816113
1.5293234490591248
1.529454090774759
1.5295599106316928
1.5296414818885715
1.5296993705895852
1.529734135404604
1.529746327479426
1.5297364902960584
1.5297051595431186
1.5296528629962454
1.5295801204085162
1.5294874434108712
1.5293753354224235
1.5292442915706022
1.5290947986211536
1.5289273349177177
1.528742370331118
1.5285403662180492
1.528321775389183
1.528087042086471
1.5278366019695564
1.52757088211113
1.5272903010009966
1.5269952685587733
1.5266861861549914
1.526363446640356
1.5260274343829714
1.525678525313382
1.525317086977096
1.5249434785943872
1.5245580511271475
1.524161147352534
1.5237531019430577
1.5233342415529643
1.5229048849105629
1.5224653429161876
1.5220159187455713
1.5215569079582894
1.5210885986110005
1.5206112713751674
1.5201251996589458
1.5196306497329684
1.519127880859747
1.5186171454262514
1.5180986890795585
1.5175727508651145
1.517039563367414
1.5164993528527182
1.515952339413602
1.515398737114998
1.514838754141464
1.514272592945417
1.513700450396057
1.5131225179286947
1.512538981694318
1.511950022709019
1.5113558170031751
1.510756535770084
1.5101523455138404
1.509543408196282
1.5089298813827756
1.508311918386653
1.507689668412132
1.507063276695563
1.5064328846448145
1.5057986299766608
1.5051606468520382
1.5045190660090737
1.5038740148936662
1.5032256177876426
1.5025739959343103
1.5019192676613127
1.501261548500787
1.5006009513066225
1.4999375863689144
1.499271561525464
1.498602982270235
1.497931951858916
1.497258571411336
1.4965829400109034
1.4959051548009201
1.4952253110778408
1.4945435023814784
1.4938598205821167
1.4931743559645776
1.4924871973092653
1.4917984319701978
1.4911081459500697
1.4904164239723394
1.4897233495504674
1.4890290050542045
1.488333471773184
1.487636829977604
1.486939158976294
1.4862405371720913
1.4855410421145643
1.484840750550269
1.4841397384704331
1.483438081156277
1.482735853221909
1.48203312865499
1.481329980855103
1.4806264826699753
1.479922706429596
1.4792187239782884
1.4785146067048163
1.4778104255705646
1.4771062511358983
1.4764021535847305
1.4756982027473722
1.4749944681217544
1.4742910188930332
1.4735879239516867
1.4728852519101459
1.4721830711180133
1.4714814496759547
1.470780455448289
1.4700801560743213
1.4693806189785683
1.46868191137979
1.4679841002990033
1.4672872525664231
1.466591434827511
1.4658967135480239
1.4652031550182512
1.4645108253564056
1.4638197905111907
1.4631301162637191
1.462441868228651
1.4617551118547074
1.461069912424566
1.4603863350541832
1.4597044446915604
1.459024306115005
1.458345983930905
1.4576695425710997
1.45699504628978
1.4563225591600757
1.4556521450702204
1.4549838677194622
1.4543177906135898
1.453653977060305
1.452992490164208
1.4523333928216624
1.4516767477154158
1.4510226173090304
1.4503710638411644
1.4497221493196868
1.4490759355156912
1.4484324839573757
1.447791855923831
1.447154112438724
1.4465193142639763
1.4458875218932725
1.4452587955456337
1.4446331951588756
1.4440107803830564
1.4433916105738993
1.4427757447862404
1.4421632417673709
1.4415541599504547
1.440948557447922
1.4403464920448568
1.439748021192357
1.4391532020009745
1.4385620912340764
1.4379747453012641
1.4373912202517944
1.4368115717679721
1.4362358551585799
1.4356641253523152
1.4350964368911918
1.434532843923992
1.4339734001996858
1.4334181590608641
1.4328671734371725
1.4323204958387619
1.4317781783497134
1.4312402726214761
1.4307068298663634
1.4301779008509683
1.4296535358897047
1.429133784838271
1.428618697087228
1.4281083215555512
1.4276027066843031
1.4271019004302925
1.426605950259856
1.4261149031427234
1.4256288055459578
1.4251477034280442
1.4246716422330985
1.4242006668852125
1.4237348217830155
1.4232741507943514
1.4228186972512469
1.4223685039450265
1.421923613121711
1.4214840664776673
1.4210499051555239
1.4206211697403672
1.4201979002562588
1.4197801361630384
1.4193679163534296
1.4189612791504984
1.4185602623053957
1.418164902995409
1.417775237822326
1.4173913028111025
1.4170131334087288
1.4166407644834194
1.4162742303239506
1.4159135646391998
1.4155588005577997
1.4152099706278793
1.414867106816813
1.4145302405109406
1.4141994025151776
1.4138746230524257
1.4135559317627142
1.413243357702002
1.4129369293405198
1.4126366745605383
1.4123426206535163
1.41205479431645
1.4117732216473582
1.4114979281397488
1.4112289386759609
1.410966277519237
1.410709968304407
1.4104600340270144
1.4102164970307607
1.4099793789930908
1.4097487009087608
1.4095244830712037
1.4093067450515238
1.4090955056748595
1.4088907829939445
1.4086925942595425
1.4085009558875503
1.4083158834223388
1.4081373914960091
1.4079654937831334
1.4078002029503989
1.4076415306005516
1.4074894872099044
1.4073440820584873
1.4072053231517316
1.4070732171322993
1.4069477691804007
1.4068289829004228
1.406716860191227
1.4066114010965511
1.4065126036311786
1.4064204635768265
1.406334974239991
1.406256126160999
1.4061839067594946
1.4061182998953425
1.4060592853143206
1.4060068379328765
1.4059609268921922
1.4059215142696673
1.4058885532436596
1.4058619852864402
1.4058417355515966
1.4058277054372752
1.4058197630199747
1.4058177372216722
1.4058197630199785
1.4058277054372779
1.4058417355515944
1.4058619852864438
1.405888553243659
1.4059215142696646
1.4059609268921918
1.4060068379328767
1.4060592853143197
1.4061182998953414
1.4061839067594937
1.4062561261609974
1.4063349742399918
1.4064204635768258
1.406512603631178
1.4066114010965505
1.4067168601912243
1.4068289829004221
1.406947769180399
1.4070732171322982
1.4072053231517307
1.4073440820584893
1.4074894872099029
1.40764153060055
1.4078002029503998
1.4079654937831336
1.40813739149601
1.4083158834223384
1.4085009558875532
1.4086925942595436
1.4088907829939425
1.4090955056748615
1.4093067450515235
1.4095244830712055
1.40974870090876
1.4099793789930937
1.4102164970307618
1.410460034027015
1.4107099683044062
1.4109662775192353
1.4112289386759613
1.4114979281397473
1.411773221647359
1.4120547943164512
1.412342620653515
1.4126366745605348
1.4129369293405176
1.4132433577020025
1.413555931762713
1.4138746230524264
1.4141994025151803
1.414530240510941
1.4148671068168104
1.415209970627879
1.4155588005577995
1.4159135646391983
1.4162742303239504
1.4166407644834207
1.4170131334087266
1.4173913028111043
1.4177752378223278
1.4181649029954064
1.418560262305395
1.4189612791505002
1.4193679163534325
1.4197801361630384
1.4201979002562597
1.420621169740365
1.4210499051555225
1.4214840664776676
1.4219236131217117
1.422368503945026
1.4228186972512464
1.4232741507943532
1.4237348217830113
1.424200666885215
1.424671642233097
1.4251477034280455
1.4256288055459574
1.4261149031427225
1.426605950259857
1.4271019004302918
1.4276027066843031
1.428108321555551
1.4286186970872254
1.4291337848382717
1.4296535358897047
1.4301779008509703
1.430706829866359
1.4312402726214775
1.43177817834971
1.4323204958387612
1.4328671734371716
1.4334181590608617
1.4339734001996833
1.4345328439239897
1.435096436891192
1.4356641253523137
1.4362358551585794
1.4368115717679704
1.4373912202517942
1.4379747453012648
1.438562091234075
1.4391532020009725
1.4397480211923566
1.4403464920448563
1.440948557447923
1.4415541599504547
1.4421632417673684
1.4427757447862437
1.4433916105739022
1.4440107803830544
1.4446331951588751
1.4452587955456362
1.4458875218932743
1.4465193142639743
1.447154112438725
1.4477918559238283
1.4484324839573768
1.4490759355156915
1.4497221493196832
1.4503710638411633
1.451022617309032
1.4516767477154144
1.452333392821664
1.452992490164206
1.4536539770603065
1.4543177906135922
1.4549838677194598
1.4556521450702227
1.4563225591600732
1.4569950462897787
1.4576695425710962
1.4583459839309048
1.4590243061150043
1.4597044446915617
1.4603863350541861
1.4610699124245636
1.461755111854706
1.4624418682286526
1.4631301162637216
1.4638197905111894
1.4645108253564014
1.465203155018255
1.4658967135480212
1.4665914348275095
1.4672872525664247
1.4679841002990037
1.4686819113797929
1.4693806189785676
1.470080156074318
1.4707804554482824
1.4714814496759532
1.472183071118011
1.4728852519101423
1.4735879239516858
1.4742910188930345
1.474994468121758
1.475698202747371
1.4764021535847298
1.4771062511358954
1.4778104255705624
1.478514606704817
1.4792187239782904
1.4799227064295957
1.4806264826699744
1.481329980855103
1.4820331286549908
1.4827358532219082
1.483438081156275
1.4841397384704358
1.4848407505502672
1.4855410421145643
1.4862405371720866
1.486939158976296
1.4876368299776028
1.4883334717731838
1.4890290050542072
1.4897233495504643
1.4904164239723408
1.49110814595007
1.4917984319702007
1.4924871973092673
1.4931743559645785
1.4938598205821192
1.494543502381478
1.4952253110778388
1.4959051548009172
1.4965829400109012
1.4972585714113351
1.4979319518589131
1.4986029822702345
1.499271561525462
1.499937586368917
1.5006009513066196
1.5012615485007865
1.5019192676613151
1.502573995934311
1.5032256177876433
1.503874014893665
1.504519066009074
1.5051606468520384
1.5057986299766553
1.5064328846448125
1.5070632766955607
1.5076896684121286
1.5083119183866502
1.5089298813827767
1.5095434081962849
1.5101523455138397
1.5107565357700845
1.5113558170031756
1.5119500227090186
1.5125389816943144
1.5131225179286958
1.513700450396053
1.5142725929454175
1.5148387541414667
1.515398737114998
1.5159523394136034
1.5164993528527195
1.517039563367415
1.5175727508651171
1.5180986890795565
1.5186171454262514
1.5191278808597435
1.5196306497329704
1.520125199658942
1.5206112713751667
1.5210885986110054
1.5215569079582891
1.5220159187455717
1.5224653429161898
1.5229048849105642
1.5233342415529645
1.5237531019430546
1.5241611473525323
1.5245580511271486
1.524943478594384
1.525317086977096
1.5256785253133835
1.5260274343829718
1.5263634466403535
1.5266861861549896
1.5269952685587702
1.527290301000992
1.527570882111131
1.5278366019695613
1.5280870420864705
1.528321775389183
1.5285403662180481
1.5287423703311158
1.5289273349177162
1.5290947986211525
1.5292442915706062
1.5293753354224249
1.5294874434108758
1.5295801204085155
1.5296528629962431
1.529705159543119
1.5297364902960575
1.529746327479426
1.5297341354046061
1.5296993705895838
1.5296414818885726
1.5295599106316944
1.52945409077476
1.529323449059123
1.5291674051816142
1.5289853719745536
1.5287767555958096
1.528540955728885
1.52827736579299
1.527985373163097
1.5276643593998813
1.5273137004895512
1.5269327670934703
1.5265209248075762
1.5260775344314492
1.5256019522470754
1.5250935303071151
1.5245516167327329
1.5239755560208224
1.5233646893605985
1.5227183549594685
1.5220358883780956
1.5213166228746156
1.5205598897578327
1.5197650187494283
1.5189313383549907
1.518058176243844
1.5171448596375128
1.5161907157068364
1.515195071977472
1.5141572567438475
1.5130765994913222
1.5119524313265094
1.5107840854156183
1.5095708974306807
1.5083122060035452
1.5070073531874648
1.5056556849261666
1.5042565515301822
1.5028093081603604
1.5013133153182627
1.4997679393433825
1.498172552916841
1.4965265355714803
1.4948292742080307
1.4930801636171422
1.4912786070070494
1.4894240165365353
1.4875158138529814
1.485553430635169
1.483536309140475
1.4814639027562448
1.4793356765548378
1.4771511078521289
1.4749096867689921
1.4726109167953778
1.4702543153566374
1.4678394143815354
1.4653657608716513
1.4628329174715813
1.4602404630395163
1.457587993217712
1.4548751210022708
1.452101477311788
1.4492667115542548
1.4463704921916758
1.4434125073018471
1.440392465136658
1.43731009467637
1.4341651461792
1.4309573917256178
1.4276866257566845
1.4243526656057919
1.4209553520231255
1.4174945496921785
1.4139701477376045
1.410382060223711
1.406730226642888
1.4030146123932172
1.3992352092445344
1.3953920357922058
1.3914851378977924
1.387514589115911
1.3834804911064162
1.3793829740311376
1.37522219693437
1.3709983481062373
1.3667116454281114
1.362362336699224
1.357950699943588
1.3534770436963357
1.3489417072685659
1.3443450609897862
1.3396875064270075
1.3349694765795208
1.3301914360484621
1.325353881180078
1.3204573401818072
1.315502373210137
1.310489572429229
1.3054195620393234
1.3002929982739304
1.2951105693647689
1.2898729954734975
1.2845810285892638
1.279235452391082
1.2738370820741336
1.268386764139116
1.2628853761437244
1.2573338264155336
1.2517330537254865
1.2460840269213302
1.2403877445203992
1.2346452342612468
1.2288575526136798
1.2230257842469237
1.2171510414557043
1.211234463544205
1.205277216167951
1.199280490633856
1.1932455031587996
1.1871734940872247
1.1810657270685483
1.1749234881950892
1.1687480851017042
1.1625408460282383
1.1563031188461865
1.1500362700511235
1.1437416837226229
1.1374207604535076
1.1310749162504938
1.1247055814083844
1.1183141993601018
1.111902225505048
1.105471126018237
1.0990223766429277
1.092557461469377
1.0860778717025628
1.0795851044216351
1.0730806613339297
1.066566047526474
1.0600427702176993
1.0535123375122928
1.0469762571618804
1.0404360353342967
1.0338931753940717
1.0273491766966711
1.020805533399001
1.0142637332884563
1.0077252566328103
1.00119157505302
0.994664150420939
0.9881444337837872
0.9816338643170837
0.9751338683076493
0.9686458581680868
0.9621712314840796
0.9557113700957004
0.9492676392137996
0.9428413865723988
0.9364339416179904
0.9300466147364645
0.9236806965183115
0.91733745706273
0.9110181453211187
0.9047239884804249
0.8984561913867503
0.8922159360096327
0.8860043809472877
0.8798226609732144
0.8736718866244783
0.8675531438320384
0.8614674935934756
0.8554159716885844
0.8493995884382417
0.8434193285071507
0.837476150751032
0.8315709881090068
0.8257047475420018
0.8198783100181392
0.8140925305462725
0.8083482382589507
0.8026462365463882
0.7969873032431862
0.7913721908699097
0.7858016269319061
0.7802763142781696
0.7747969315235087
0.7693641335377325
0.7639785520063141
0.7586407960675512
0.7533514530321929
0.7481110891924599
0.742920250728512
0.7377794647218772
0.7326892402869165
0.727650069833427
0.7226624304757902
0.7177267856068964
0.7128435866585175
0.7080132750738418
0.7032362845229858
0.6985130433983902
0.6938439776345312
0.6892295139057829
0.6846700832678356
0.6801661253227302
0.6757180930060334
0.6713264581183136
0.6669917177535187
0.6627144018165975
0.6584950818750018
0.6543343816585089
0.6502329896158202
0.6461916740647412
0.6422113016499389
0.6382928600698407
0.6344374863845474
0.630646502719039
0.6269214619068856
0.6232642067013341
0.6196769478120631
0.6161623685438745
0.6127237678050085
0.6093652597855089
0.6060920597195579
0.6029109049652535
0.5998306979996761
0.5968635329189399
0.5940264288869529
0.5913444775713738
0.5888571464034541
0.5866328233068718
0.5848106309248436
0.5837753355900774
0.5859031501770903
