-1.6544522877917571
-1.6551174382325298
-1.6557845138015317
-1.6564519535831617
-1.657118936430251
-1.657784988241456
-1.65844975434659
-1.6591129432292526
-1.6597743030073928
-1.6604336086033364
-1.661090653272904
-1.6617452420161487
-1.6623971859210016
-1.6630462971350233
-1.6636923844060005
-1.6643352491951011
-1.6649746823560752
-1.665610461346644
-1.6662423479178032
-1.666870086219031
-1.667493401259623
-1.668111997673759
-1.6687255587454957
-1.6693337456574229
-1.6699361969324906
-1.6705325280425696
-1.6711223311601455
-1.6717051750316594
-1.6722806049527887
-1.672848142827681
-1.6734072872959096
-1.6739575139127907
-1.6744982753706286
-1.6750290017504383
-1.6755491007956498
-1.6760579582011934
-1.676554937913152
-1.6770393824358085
-1.6775106131443998
-1.6779679306031825
-1.6784106148895401
-1.6788379259257844
-1.6792491038210682
-1.679643369226416
-1.680019923706317
-1.6803779501306293
-1.6807166130907352
-1.6810350593439567
-1.68133241829024
-1.6816078024850316
-1.6818603081921222
-1.6820890159800428
-1.6822929913653535
-1.6824712855059027
-1.6826229359468317
-1.6827469674217845
-1.6828423927114493
-1.6829082135612032
-1.6829434216592785
-1.6829469996764908
-1.682917922368197
-1.682855157738757
-1.6827576682683842
-1.6826244122018672
-1.682454344898238
-1.682246420240053
-1.6819995921005386
-1.681712815866432
-1.6813850500139387
-1.6810152577347972
-1.6806024086090414
-1.6801454803206288
-1.6796434604117083
-1.6790953480709048
-1.6785001559506199
-1.677856912007985
-1.6771646613637576
-1.6764224681731341
-1.6756294175021507
-1.674784617203086
-1.673887199782039
-1.6729363242516602
-1.6719311779618562
-1.6708709784011677
-1.669754974961447
-1.6685824506584361
-1.6673527238008592
-1.6660651496007226
-1.6647191217176238
-1.6633140737300478
-1.6618494805268464
-1.6603248596123696
-1.6587397723190331
-1.657093824921479
-1.6553866696468957
-1.6536180055765193
-1.651787579433837
-1.649895186255542
-1.6479406699418524
-1.6459239236834042
-1.6438448902625376
-1.6417035622274294
-1.6394999819381773
-1.6372342414845837
-1.6349064824760562
-1.63251689570468
-1.630065720683174
-1.6275532450600585
-1.6249798039149859
-1.622345778937756
-1.619651597495108
-1.6168977315898914
-1.6140846967177138
-1.611213050626604
-1.6082833919856276
-1.6052963589687554
-1.6022526277605849
-1.5991529109907776
-1.5959979561042814
-1.592788543674564
-1.5895254856671914
-1.586209623661143
-1.5828418270352567
-1.5794229911271722
-1.5759540353720403
-1.5724359014281506
-1.5688695512964597
-1.5652559654407956
-1.5615961409152772
-1.5578910895052187
-1.5541418358874899
-1.550349415815984
-1.5465148743375043
-1.5426392640430189
-1.5387236433588674
-1.5347690748821183
-1.5307766237638896
-1.5267473561440554
-1.52268233764037
-1.5185826318946534
-1.5144492991782987
-1.510283395058989
-1.5060859691301438
-1.5018580638042678
-1.4976007131710265
-1.493314941920562
-1.4890017643322442
-1.484662183328769
-1.4802971895952444
-1.4759077607626483
-1.4714948606548175
-1.467059438597904
-1.4626024287910524
-1.4581247497368677
-1.4536273037300977
-1.4491109764028116
-1.4445766363242412
-1.4400251346533532
-1.4354573048421355
-1.4308739623875129
-1.4262759046297622
-1.421663910595252
-1.4170387408813137
-1.4124011375810392
-1.4077518242457994
-1.4030915058832911
-1.3984208689889392
-1.3937405816085129
-1.3890512934298493
-1.3843536359016266
-1.3796482223771742
-1.3749356482813686
-1.3702164912987205
-1.3654913115808243
-1.3607606519714075
-1.3560250382472876
-1.3512849793736168
-1.3465409677718634
-1.3417934795990574
-1.3370429750368973
-1.3322898985893903
-1.3275346793877707
-1.3227777315015141
-1.3180194542543333
-1.3132602325441156
-1.3085004371658233
-1.3037404251364515
-1.2989805400211947
-1.2942211122600413
-1.2894624594940702
-1.2847048868907827
-1.2799486874678583
-1.2751941424147748
-1.2704415214117815
-1.2656910829457633
-1.260943074622581
-1.2561977334755077
-1.2514552862694324
-1.24671594980053
-1.2419799311911388
-1.2372474281796162
-1.2325186294049777
-1.2277937146861515
-1.2230728552957073
-1.2183562142279465
-1.2136439464612598
-1.2089361992146854
-1.2042331121986145
-1.1995348178596152
-1.1948414416193585
-1.1901531021076464
-1.1854699113895588
-1.180791975186745
-1.176119393092898
-1.171452258783461
-1.1667906602196274
-1.1621346798466952
-1.1574843947868565
-1.1528398770264972
-1.1482011935980965
-1.1435684067568166
-1.1389415741518767
-1.1343207489928133
-1.129705980210726
-1.125097312614615
-1.1204947870429156
-1.1158984405103394
-1.1113083063501297
-1.1067244143518415
-1.1021467908947566
-1.0975754590770426
-1.0930104388407673
-1.0884517470928765
-1.0838993978222446
-1.0793534022129057
-1.0748137687535695
-1.070280503343532
-1.0657536093950788
-1.0612330879324865
-1.0567189376877233
-1.0522111551929443
-1.0477097348698818
-1.043214669116222
-1.0387259483890643
-1.0342435612855498
-1.029767494620754
-1.0252977335029223
-1.0208342614061405
-1.0163770602405173
-1.0119261104199622
-1.007481390927635
-1.0030428793791446
-0.9986105520835701
-0.9941843841023756
-0.9897643493062908
-0.9853504204302219
-0.9809425691262622
-0.9765407660148627
-0.972144980734228
-0.9677551819879943
-0.9633713375912508
-0.9589934145149583
-0.9546213789288205
-0.950255196242661
-0.9458948311463569
-0.9415402476483783
-0.9371914091129815
-0.932848278296102
-0.9285108173799924
-0.9241789880066481
-0.919852751310062
-0.9155320679473491
-0.9112168981287806
-0.9069072016467626
-0.9026029379037992
-0.8983040659394711
-0.8940105444564672
-0.8897223318456993
-0.8854393862105319
-0.8811616653901584
-0.8768891269821522
-0.87262172836422
-0.8683594267151875
-0.8641021790352399
-0.8598499421654457
-0.8556026728065869
-0.8513603275373183
-0.8471228628316809
-0.8428902350759893
-0.8386624005851143
-0.8344393156181827
-0.8302209363937119
-0.826007219104199
-0.8217981199301841
-0.8175935950538017
-0.813393600671841
-0.8091980930083292
-0.8050070283266544
-0.8008203629412421
-0.7966380532288018
-0.7924600556391556
-0.7882863267056643
-0.7841168230552631
-0.7799515014181189
-0.775790318636923
-0.77163323167583
-0.7674801976290526
-0.7633311737291275
-0.7591861173548575
-0.7550449860389445
-0.7509077374753204
-0.7467743295261859
-0.7426447202287679
-0.7385188678018014
-0.734396730651747
-0.7302782673787505
-0.726163436782353
-0.72205219786696
-0.7179445098470747
-0.7138403321523049
-0.7097396244321487
-0.7056423465605665
-0.7015484586403451
-0.6974579210072608
-0.6933706942340466
-0.6892867391341699
-0.6852060167654258
-0.6811284884333515
-0.6770541156944675
-0.67298286035935
-0.6689146844955391
-0.6648495504302891
-0.6607874207531631
-0.6567282583184778
-0.6526720262476033
-0.6486186879311202
-0.6445682070308393
-0.6405205474816879
-0.6364756734934652
-0.6324335495524723
-0.6283941404230182
-0.6243574111488069
-0.6203233270542081
-0.6162918537454152
-0.6122629571114928
-0.6082366033253181
-0.6042127588444179
-0.6001913904117046
-0.5961724650561137
-0.5921559500931465
-0.5881418131253187
-0.5841300220425193
-0.5801205450222814
-0.5761133505299669
-0.5721084073188686
-0.5681056844302309
-0.564105151193192
-0.5601067772246491
-0.5561105324290492
-0.5521163869981076
-0.548124311410456
-0.5441342764312214
-0.5401462531115384
-0.5361602127879976
-0.5321761270820298
-0.5281939678992289
-0.5242137074286164
-0.5202353181418463
-0.5162587727923548
-0.5122840444144546
-0.5083111063223766
-0.5043399321092591
-0.5003704956460869
-0.4964027710805825
-0.4924367328360483
-0.48847235561016406
-0.48450961437373913
-0.480548484369421
-0.47658894111036204
-0.47263096037884533
-0.46867451822487055
-0.46471959096470156
-0.4607661551793766
-0.4568141877131821
-0.4528636656720918
-0.44891456642217126
-0.4449668675879499
-0.4410205470507609
-0.4370755829470501
-0.4331319536666554
-0.42918963785105646
-0.42524861439159706
-0.42130886242768
-0.41737036134493616
-0.41343309077336765
-0.4094970305854672
-0.4055621608943135
-0.4016284620516439
-0.3976959146459051
-0.39376449950028286
-0.389834197670711
-0.3859049904438608
-0.3819768593351117
-0.37804978608650347
-0.37412375266467107
-0.3701987412587625
-0.3662747342783407
-0.36235171435126967
-0.358429664321586
-0.3545085672473558
-0.3505884063985181
-0.34666916525471536
-0.342750827503111
-0.3388333770361953
-0.33491679794958007
-0.3310010745397817
-0.3270861913019948
-0.32317213292785496
-0.319258884303193
-0.3153464305057796
-0.31143475680306176
-0.3075238486498912
-0.30361369168624514
-0.2997042717349399
-0.29579557479933755
-0.2918875870610463
-0.2879802948776149
-0.28407368478022116
-0.2801677434713553
-0.2762624578224983
-0.2723578148717955
-0.26845380182172585
-0.26455040603676716
-0.26064761504105755
-0.25674541651605315
-0.252843798298183
-0.2489427483765004
-0.24504225489033193
-0.2411423061269235
-0.2372428905190842
-0.23334399664282796
-0.22944561321501297
-0.22554772909097948
-0.22165033326218542
-0.2177534148538407
-0.2138569631225396
-0.20996096745389167
-0.20606541736015113
-0.20217030247784448
-0.19827561256539647
-0.19438133750075434
-0.1904874672790099
-0.18659399201001936
-0.1827009019160207
-0.1788081873292477
-0.17491583868954044
-0.17102384654195177
-0.1671322015343482
-0.16324089441500508
-0.15934991603019416
-0.15545925732176252
-0.15156890932470118
-0.1476788631647011
-0.14378911005569478
-0.1398996412973803
-0.13601044827272535
-0.13212152244544736
-0.12823285535746626
-0.1243444386263251
-0.12045626394257453
-0.11656832306711506
-0.11268060782849228
-0.10879311012013852
-0.10490582189755511
-0.10101873517542856
-0.09713184202467462
-0.0932451345694041
-0.08935860498380505
-0.0854722454889372
-0.08158604834943592
-0.07770000587012553
-0.07381411039254523
-0.06992835429139513
-0.06604272997091629
-0.06215722986122663
-0.058271846414645244
-0.054386572102051674
-0.05050139940934603
-0.04661632083410048
-0.042731328882527404
-0.03884641606693703
-0.034961574903924764
-0.031076797913627115
-0.027192077620533738
-0.023307406556578748
-0.019422777267625268
-0.015538182325152458
-0.011653614346297221
-0.007769066028307972
-0.003884530210774374
0.0
0.0038845302107743712
0.00776906602830797
0.01165361434629722
0.015538182325152456
0.01942277726762527
0.023307406556578744
0.027192077620533724
0.031076797913627108
0.03496157490392477
0.038846416066937034
0.04273132888252741
0.046616320834100486
0.05050139940934604
0.05438657210205168
0.058271846414645244
0.062157229861226626
0.06604272997091627
0.0699283542913951
0.0738141103925452
0.07770000587012552
0.0815860483494359
0.0854722454889372
0.08935860498380505
0.09324513456940409
0.09713184202467462
0.10101873517542856
0.10490582189755511
0.10879311012013851
0.11268060782849226
0.11656832306711505
0.12045626394257453
0.12434443862632512
0.12823285535746626
0.1321215224454474
0.13601044827272538
0.1398996412973803
0.14378911005569478
0.1476788631647011
0.15156890932470116
0.1554592573217625
0.1593499160301941
0.16324089441500503
0.16713220153434813
0.17102384654195169
0.17491583868954036
0.1788081873292476
0.18270090191602062
0.18659399201001928
0.1904874672790098
0.19438133750075426
0.1982756125653964
0.2021703024778444
0.20606541736015105
0.20996096745389156
0.21385696312253946
0.2177534148538406
0.2216503332621853
0.22554772909097937
0.22944561321501286
0.23334399664282782
0.23724289051908407
0.24114230612692336
0.2450422548903318
0.24894274837650024
0.2528437982981828
0.256745416516053
0.2606476150410574
0.264550406036767
0.2684538018217257
0.27235781487179533
0.27626245782249814
0.28016774347135515
0.284073684780221
0.28798029487761473
0.2918875870610461
0.2957955747993374
0.29970427173493974
0.30361369168624497
0.307523848649891
0.3114347568030616
0.3153464305057795
0.3192588843031929
0.3231721329278548
0.3270861913019946
0.33100107453978156
0.3349167979495799
0.3388333770361952
0.34275082750311087
0.34666916525471525
0.350588406398518
0.3545085672473557
0.3584296643215859
0.36235171435126956
0.36627473427834056
0.3701987412587624
0.37412375266467096
0.37804978608650336
0.38197685933511155
0.3859049904438606
0.3898341976707108
0.3937644995002827
0.3976959146459049
0.4016284620516437
0.40556216089431335
0.40949703058546705
0.4134330907733675
0.417370361344936
0.42130886242767984
0.4252486143915969
0.4291896378510563
0.43313195366665524
0.43707558294704996
0.44102054705076066
0.4449668675879497
0.44891456642217104
0.4528636656720916
0.4568141877131819
0.46076615517937636
0.46471959096470133
0.46867451822487033
0.4726309603788451
0.4765889411103618
0.48054848436942077
0.4845096143737389
0.48847235561016383
0.492436732836048
0.49640277108058223
0.5003704956460867
0.5043399321092589
0.5083111063223764
0.5122840444144544
0.5162587727923545
0.5202353181418461
0.5242137074286162
0.5281939678992287
0.5321761270820295
0.5361602127879974
0.5401462531115382
0.5441342764312211
0.5481243114104558
0.5521163869981074
0.5561105324290488
0.5601067772246487
0.5641051511931917
0.5681056844302306
0.5721084073188683
0.5761133505299665
0.5801205450222809
0.5841300220425188
0.5881418131253182
0.592155950093146
0.5961724650561132
0.6001913904117041
0.6042127588444175
0.6082366033253177
0.6122629571114924
0.6162918537454147
0.6203233270542077
0.6243574111488065
0.6283941404230178
0.6324335495524719
0.6364756734934648
0.6405205474816874
0.6445682070308388
0.6486186879311198
0.6526720262476029
0.6567282583184774
0.6607874207531627
0.6648495504302887
0.6689146844955387
0.6729828603593495
0.677054115694467
0.681128488433351
0.6852060167654254
0.6892867391341695
0.6933706942340462
0.6974579210072603
0.7015484586403447
0.705642346560566
0.7097396244321482
0.7138403321523044
0.7179445098470741
0.7220521978669594
0.7261634367823524
0.7302782673787499
0.7343967306517465
0.7385188678018009
0.7426447202287674
0.7467743295261854
0.7509077374753198
0.755044986038944
0.759186117354857
0.763331173729127
0.7674801976290521
0.7716332316758294
0.7757903186369225
0.7799515014181183
0.7841168230552625
0.7882863267056638
0.792460055639155
0.7966380532288012
0.8008203629412416
0.8050070283266538
0.8091980930083287
0.8133936006718404
0.8175935950538011
0.8217981199301836
0.8260072191041985
0.8302209363937112
0.8344393156181821
0.8386624005851137
0.8428902350759886
0.8471228628316803
0.8513603275373176
0.8556026728065862
0.8598499421654451
0.8641021790352392
0.8683594267151868
0.8726217283642194
0.8768891269821515
0.8811616653901578
0.8854393862105313
0.8897223318456987
0.8940105444564667
0.8983040659394705
0.9026029379037986
0.9069072016467621
0.9112168981287799
0.9155320679473484
0.9198527513100613
0.9241789880066474
0.9285108173799917
0.9328482782961013
0.9371914091129808
0.9415402476483776
0.9458948311463562
0.9502551962426603
0.9546213789288198
0.9589934145149577
0.9633713375912502
0.9677551819879936
0.9721449807342273
0.9765407660148621
0.9809425691262615
0.9853504204302213
0.9897643493062901
0.994184384102375
0.9986105520835694
1.003042879379144
1.0074813909276343
1.0119261104199615
1.0163770602405167
1.0208342614061399
1.0252977335029216
1.0297674946207533
1.0342435612855492
1.0387259483890636
1.0432146691162214
1.0477097348698812
1.0522111551929436
1.0567189376877226
1.0612330879324858
1.0657536093950781
1.0702805033435314
1.0748137687535688
1.079353402212905
1.083899397822244
1.0884517470928758
1.0930104388407667
1.097575459077042
1.102146790894756
1.1067244143518409
1.111308306350129
1.1158984405103387
1.120494787042915
1.1250973126146144
1.1297059802107254
1.1343207489928127
1.138941574151876
1.143568406756816
1.1482011935980958
1.1528398770264965
1.1574843947868558
1.1621346798466945
1.1667906602196265
1.1714522587834602
1.176119393092897
1.1807919751867442
1.185469911389558
1.1901531021076455
1.1948414416193576
1.1995348178596144
1.2042331121986136
1.2089361992146845
1.213643946461259
1.2183562142279456
1.2230728552957064
1.2277937146861506
1.2325186294049768
1.2372474281796153
1.241979931191138
1.2467159498005291
1.2514552862694315
1.2561977334755068
1.26094307462258
1.2656910829457624
1.2704415214117806
1.275194142414774
1.2799486874678574
1.2847048868907818
1.2894624594940693
1.2942211122600404
1.2989805400211938
1.3037404251364506
1.3085004371658224
1.3132602325441147
1.3180194542543324
1.3227777315015132
1.3275346793877698
1.3322898985893894
1.3370429750368964
1.3417934795990565
1.3465409677718625
1.351284979373616
1.3560250382472867
1.3607606519714066
1.3654913115808234
1.3702164912987196
1.3749356482813677
1.3796482223771733
1.3843536359016257
1.3890512934298485
1.393740581608512
1.3984208689889384
1.4030915058832902
1.4077518242457985
1.4124011375810381
1.4170387408813125
1.4216639105952509
1.426275904629761
1.4308739623875117
1.4354573048421344
1.4400251346533521
1.44457663632424
1.4491109764028105
1.4536273037300966
1.4581247497368666
1.4626024287910513
1.467059438597903
1.4714948606548164
1.4759077607626472
1.4802971895952433
1.4846621833287679
1.489001764332243
1.493314941920561
1.4976007131710254
1.5018580638042667
1.5060859691301427
1.5102833950589878
1.5144492991782976
1.5185826318946523
1.5226823376403689
1.5267473561440543
1.5307766237638885
1.5347690748821172
1.5387236433588662
1.5426392640430178
1.5465148743375032
1.550349415815983
1.5541418358874888
1.5578910895052176
1.561596140915276
1.5652559654407945
1.5688695512964586
1.5724359014281495
1.5759540353720392
1.579422991127171
1.5828418270352556
1.5862096236611418
1.5895254856671905
1.592788543674563
1.5959979561042805
1.5991529109907767
1.602252627760584
1.6052963589687546
1.6082833919856268
1.6112130506266031
1.614084696717713
1.6168977315898905
1.6196515974951071
1.6223457789377551
1.624979803914985
1.6275532450600576
1.630065720683173
1.6325168957046792
1.6349064824760553
1.6372342414845829
1.6394999819381764
1.6417035622274285
1.6438448902625367
1.6459239236834033
1.6479406699418515
1.649895186255541
1.6517875794338361
1.6536180055765184
1.6553866696468948
1.6570938249214782
1.6587397723190322
1.6603248596123688
1.6618494805268456
1.663314073730047
1.664719121717623
1.6660651496007217
1.6673527238008583
1.6685824506584352
1.6697549749614462
1.6708709784011668
1.6719311779618553
1.6729363242516593
1.6738871997820381
1.6747846172030851
1.6756294175021498
1.6764224681731332
1.6771646613637567
1.677856912007984
1.678500155950619
1.6790953480709039
1.6796434604117074
1.680145480320628
1.6806024086090405
1.6810152577347963
1.6813850500139378
1.6817128158664312
1.6819995921005377
1.6822464202400522
1.6824543448982372
1.6826244122018663
1.6827576682683834
1.682855157738756
1.682917922368196
1.6829469996764899
1.6829434216592776
1.6829082135612023
1.6828423927114484
1.6827469674217836
1.6826229359468308
1.6824712855059019
1.6822929913653526
1.682089015980042
1.6818603081921213
1.6816078024850307
1.6813324182902392
1.6810350593439558
1.6807166130907343
1.6803779501306284
1.680019923706316
1.6796433692264152
1.6792491038210673
1.6788379259257835
1.6784106148895392
1.6779679306031816
1.6775106131443989
1.6770393824358076
1.676554937913151
1.6760579582011925
1.675549100795649
1.6750290017504375
1.6744982753706277
1.6739575139127898
1.6734072872959087
1.67284814282768
1.6722806049527879
1.6717051750316585
1.6711223311601446
1.6705325280425687
1.6699361969324897
1.669333745657422
1.6687255587454948
1.6681119976737582
1.667493401259622
1.6668700862190302
1.6662423479178023
1.6656104613466431
1.6649746823560743
1.6643352491951002
1.6636923844059996
1.6630462971350224
1.6623971859210007
1.6617452420161478
1.661090653272903
1.6604336086033356
1.659774303007392
1.6591129432292517
1.658449754346589
1.657784988241455
1.65711893643025
1.6564519535831608
1.6557845138015308
1.6551174382325289
1.6544522877917562
