-0.08295993124097928
-0.08332767895217201
-0.08344121329832895
-0.0834187321091724
-0.08332697966316628
-0.08318597313804171
-0.08300555314545932
-0.08279166752019267
-0.08254827701484384
-0.08227812197107127
-0.08198304542082352
-0.0816641403903875
-0.08132183582285772
-0.0809559676825579
-0.08056585006175859
-0.08015034721336506
-0.07970794303015957
-0.07923680461203897
-0.07873483817777903
-0.07819973712919714
-0.07762902301875317
-0.07702008051527574
-0.07637018741889659
-0.0756765405628928
-0.07493627820403546
-0.07414649931571347
-0.07330428007829894
-0.07240668780016082
-0.07145079248218379
-0.07043367624084339
-0.06935244081630891
-0.0682042134039753
-0.0669861510555136
-0.06569544389693084
-0.06432931740595703
-0.06288503397996041
-0.061359894009665794
-0.05975123665446409
-0.05805644049332655
-0.05627292420238109
-0.05439814738704274
-0.052429611674004575
-0.05036486214695596
-0.04820148919005104
-0.04593713078515875
-0.043569475292910276
-0.041096264733580405
-0.03851529857181438
-0.03582443799902934
-0.03302161069883441
-0.030104816073813254
-0.027072130906324345
-0.023921715421376583
-0.02065181971596263
-0.017260790516285634
-0.013747078221946618
-0.010109244194256102
-0.006345968244236756
-0.002456056274562173
0.0015615519714847073
0.005707775101970677
0.009983382258046014
0.014388985335145344
0.018925031294094553
0.0235917946132099
0.028389369933019482
0.03331766494562801
0.038376393580985886
0.04356506954234701
0.048883000243006736
0.054329281195943394
0.059902790907221906
0.06560218632293098
0.07142589887798033
0.07737213119326507
0.08343885446549126
0.08962380659133298
0.09592449106455729
0.10233817668130743
0.10886189808485838
0.11549245717690654
0.12222642541781137
0.12906014703319038
0.13598974313894766
0.14301111679118403
0.15011995896156657
0.15731175543265685
0.16458179460146857
0.1719251761732104
0.17933682072081458
0.1868114800795381
0.194343748539684
0.20192807479445035
0.20955877459405783
0.21723004405178054
0.22493597354232656
0.23267056212821566
0.24042773244556406
0.24820134597685992
0.25598521863515805
0.26377313658150897
0.2715588721955075
0.27933620011755544
0.28709891328083303
0.29484083885106693
0.3025558539929589
0.31023790138359864
0.3178810043952788
0.32547928187290637
0.3330269624345399
0.34051839822747004
0.3479480780767188
0.3553106399676649
0.3626008828098098
0.36981377743430555
0.3769444767837504
0.38398832525886883
0.39094086719293536
0.3977978544311156
0.404555252998247
0.411209248844846
0.4177562526673053
0.4241929038042555
0.43051607321683716
0.4367228655661413
0.44281062040628083
0.4487769125164274
0.4546195513995856
0.4603365799799898
0.46592627253462526
0.4713871318975999
0.476717885978867
0.4819174836410842
0.48698508998030116
0.49192008105758644
0.49672203812969085
0.5013907414274865
0.5059261635310669
0.5103284623902742
0.5145979740388755
0.5187352050497952
0.5227408247776659
0.5266156574335953
0.530360674035426
0.5339769842748998
0.5374658283412137
0.5408285687382484
0.5440666821305334
0.5471817512506457
0.5501754568983533
0.5530495700593535
0.5558059441689912
0.5584465075439297
0.5609732560022682
0.5633882456902372
0.5656935861313175
0.567891433511291
0.569983984210669
0.5719734685937777
0.5738621450618737
0.575652294375779
0.577346214251761
0.578946214232798
0.5804546108358187
0.5818737229741241
0.583205867652962
0.5844533559350141
0.5856184891715842
0.5867035554943025
0.587710826561386
0.5886425545517445
0.5895009693996823
0.5902882762623443
0.5910066532116993
0.5916582491425123
0.592245181887439
0.5927695365302574
0.593233363908086
0.593638679293396
0.5939874612466108
0.5942816506301317
0.5945231497747387
0.5947138217894063
0.5948554900057713
0.5949499375486748
0.5949989070244095
0.5950041003185701
0.5949671784956329
0.5948897617926922
0.5947734297000749
0.5946197211218117
0.5944301346092706
0.5942061286615846
0.5939491220867702
0.593660494417758
0.5933415863778526
0.5929937003904875
0.5926181011283399
0.5922160160972395
0.5917886362505697
0.5913371166301039
0.5908625770295175
0.5903661026770382
0.5898487449340021
0.5893115220062297
0.588755419665451
0.5881813919781637
0.5875903620395512
0.5869832227102453
0.5863608373539541
0.5857240405740937
0.5850736389477796
0.584410411755645
0.5837351117061448
0.5830484656530905
0.582351175305346
0.5816439179276892
0.5809273470319726
0.5802020930578379
0.5794687640423092
0.5787279462776881
0.5779802049572844
0.5772260848085424
0.5764661107132464
0.575700788314509
0.5749306046103574
0.5741560285337184
0.5733775115187325
0.5725954880533121
0.5718103762179159
0.5710225782105817
0.570232480858251
0.5694404561144566
0.5686468615435039
0.5678520407912667
0.567056324042748
0.5662600284665901
0.5654634586467254
0.5646669070013489
0.5638706541894759
0.5630749695052616
0.56228011126036
0.5614863271545569
0.5606938546349091
0.5599029212436784
0.559113744955296
0.5583265345026334
0.5575414896928294
0.5567588017129661
0.5559786534258171
0.555201219655977
0.5544266674666035
0.5536551564270372
0.5528868388715762
0.5521218601496366
0.5513603588675685
0.5506024671223634
0.5498483107275046
0.5490980094312014
0.5483516771272267
0.547609422058632
0.5468713470144902
0.5461375495199722
0.5454081220199161
0.5446831520561126
0.5439627224385353
0.5432469114106725
0.5425357928092022
0.5418294362181766
0.5411279071178945
0.5404312670286505
0.539739573649561
0.5390528809925752
0.5383712395118997
0.5376946962289602
0.5370232948530603
0.5363570758978988
0.5356960767940829
0.5350403319977687
0.5343898730955882
0.5337447289059832
0.5331049255770525
0.5324704866810803
0.5318414333058262
0.5312177841427136
0.5305995555720122
0.5299867617451435
0.5293794146641878
0.5287775242587157
0.5281810984600227
0.5275901432728743
0.527004662844847
0.5264246595333442
0.5258501339703856
0.5252810851252332
0.5247175103649572
0.524159405512984
0.523606764905723
0.5230595814473439
0.5225178466627466
0.5219815507488148
0.5214506826240014
0.5209252299763136
0.5204051793097411
0.5198905159892061
0.5193812242840736
0.5188772874102583
0.5183786875710222
0.5178854059964654
0.5173974229817716
0.5169147179242719
0.5164372693593375
0.5159650549951605
0.5154980517464587
0.5150362357671485
0.5145795824820053
0.5141280666173648
0.5136816622308887
0.5132403427404281
0.5128040809520169
0.5123728490870316
0.5119466188085333
0.5115253612468198
0.511109047024248
0.5106976462792824
0.51029112868988
0.5098894634961568
0.5094926195224294
0.5091005651985767
0.5087132685808193
0.5083306973718881
0.5079528189406005
0.5075796003409164
0.5072110083304047
0.5068470093882238
0.5064875697325711
0.5061326553376589
0.5057822319502039
0.5054362651054521
0.5050947201427605
0.5047575622207596
0.5044247563320681
0.5040962673176251
0.5037720598806085
0.5034520985999837
0.5031363479436737
0.5028247722813671
0.502517335896973
0.502214003000743
0.5019147377410577
0.501619504215888
0.5013282664839428
0.5010409885755295
0.5007576345030925
0.5004781682714804
0.5002025538879324
0.4999307553717957
0.4996627367639535
0.4993984621360352
0.4991378955993425
0.4988810013135413
0.49862774349512134
0.4983780864256077
0.4981319944595745
0.49788943203239344
0.497650363667817
0.49741475398531315
0.49718256770721614
0.496953769665664
0.496728324809361
0.49650619821012465
0.49628735506926286
0.49607176072376974
0.49585938065234114
0.4956501804812128
0.4954441259898359
0.4952411831163949
0.4950413179631413
0.4948444968015972
0.49465068607758317
0.49445985241611556
0.4942719626261323
0.4940869837051112
0.4939048828435051
0.49372562742907233
0.4935491850510628
0.49337552350427516
0.4932046107929761
0.4930364151347082
0.49287090496396796
0.49270804893576986
0.492547815929086
0.4923901750501723
0.4922350956357942
0.4920825472563318
0.4919324997187799
0.491784923069649
0.49163978759776034
0.4914970638369375
0.4913567225686187
0.4912187348243482
0.49108307188819467
0.49094970529907594
0.4908186068529796
0.49068974860512543
0.490563102872021
0.49043864223343636
0.4903163395343172
0.4901961678865986
0.4900781006709514
0.4899621115384628
0.4898481744122256
0.4897362634888741
0.48962635324004533
0.48951841841377297
0.4894124340358135
0.489308375410917
0.4892062181240344
0.4891059380414537
0.48900751131190034
0.4889109143675646
0.48881612392507706
0.4887231169864354
0.48863187083987747
0.4885423630607142
0.48845457151209826
0.4883684743457554
0.48828405000268305
0.4882012772137815
0.48812013500046714
0.48804060267523336
0.4879626598421771
0.48788628639749104
0.4878114625299181
0.4877381687211786
0.48766638574636084
0.4875960946742828
0.48752727686783237
0.487459913984274
0.4873939879755483
0.4873294810885167
0.4872663758652279
0.4872046551431473
0.4871443020553673
0.48708530003081396
0.48702763279446215
0.4869712843675167
0.486916239067617
0.4868624815090481
0.4868099966029551
0.486758769557579
0.48670878587853406
0.48666003136909614
0.4866124921305682
0.48656615456268715
0.48652100536412224
0.48647703153304606
0.48643422036784206
0.4863925594679369
0.4863520367347942
0.48631264037311184
0.4862743588922247
0.48623718110779274
0.48620109614378965
0.4861660934348292
0.48613216272890736
0.4860992940905859
0.48606747790469323
0.4860367048805936
0.4860069660570514
0.4859782528078143
0.485950556847882
0.4859238702405566
0.48589818540529595
0.4858734951263414
0.485849792562143
0.4858270712554882
0.48580532514427405
0.4857845485726886
0.48576473630263284
0.48574588352496423
0.4857279858701098
0.485711039417415
0.4856950407022944
0.4856799867201172
0.48566587492523017
0.4856527032231621
0.48564046995324817
0.4856291738581391
0.48561881403512946
0.48560938986246494
0.4856009008906001
0.4855933466838125
0.48558672658953195
0.4855810393992151
0.48557628283915455
0.48557245277904787
0.485569541934761
0.48556753756255144
0.4855664168208482
0.4855661358727452
0.4855664168208475
0.4855675375625521
0.4855695419347601
0.4855724527790491
0.485576282839155
0.48558103939921327
0.48558672658953167
0.4855933466838141
0.48560090089060176
0.48560938986246377
0.4856188140351302
0.4856291738581382
0.4856404699532493
0.48565270322316145
0.48566587492523006
0.48567998672011625
0.48569504070229486
0.48571103941741367
0.4857279858701114
0.4857458835249648
0.4857647363026333
0.4857845485726882
0.48580532514427194
0.4858270712554895
0.48584979256214195
0.48587349512634237
0.4858981854052952
0.48592387024055617
0.4859505568478816
0.48597825280781515
0.4860069660570532
0.48603670488059314
0.4860674779046944
0.4860992940905862
0.4861321627289068
0.48616609343482886
0.4862010961437901
0.48623718110779246
0.48627435889222287
0.4863126403731115
0.4863520367347931
0.4863925594679366
0.48643422036784145
0.4864770315330451
0.486521005364122
0.48656615456268915
0.4866124921305665
0.48666003136909586
0.48670878587853417
0.4867587695575796
0.4868099966029551
0.486862481509046
0.4869162390676149
0.4869712843675143
0.4870276327944635
0.4870853000308147
0.4871443020553658
0.48720465514314704
0.4872663758652257
0.487329481088515
0.4873939879755475
0.487459913984275
0.4875272768678307
0.4875960946742818
0.48766638574636006
0.48773816872117925
0.48781146252991814
0.48788628639749065
0.48796265984217535
0.488040602675233
0.4881201350004683
0.4882012772137816
0.48828405000268393
0.4883684743457554
0.48845457151209654
0.4885423630607144
0.48863187083987586
0.48872311698643467
0.48881612392507745
0.4889109143675661
0.48900751131190207
0.4891059380414522
0.489206218124033
0.48930837541091776
0.4894124340358137
0.4895184184137744
0.48962635324004655
0.4897362634888749
0.4898481744122239
0.48996211153846264
0.4900781006709526
0.4901961678865968
0.4903163395343157
0.49043864223343614
0.49056310287202093
0.49068974860512554
0.49081860685297923
0.4909497052990752
0.4910830718881949
0.49121873482434764
0.4913567225686176
0.4914970638369373
0.491639787597759
0.4917849230696487
0.4919324997187806
0.4920825472563335
0.4922350956357929
0.4923901750501723
0.4925478159290837
0.4927080489357706
0.4928709049639681
0.4930364151347071
0.4932046107929754
0.4933755235042755
0.493549185051063
0.4937256274290702
0.49390488284350487
0.49408698370511295
0.49427196262613365
0.4944598524161144
0.49465068607758367
0.49484449680159587
0.4950413179631424
0.495241183116395
0.4954441259898353
0.49565018048121057
0.4958593806523407
0.4960717607237709
0.4962873550692625
0.49650619821012554
0.4967283248093633
0.496953769665664
0.49718256770721453
0.4974147539853127
0.4976503636678195
0.4978894320323923
0.4981319944595736
0.4983780864256083
0.49862774349512123
0.4988810013135416
0.4991378955993413
0.49939846213603467
0.499662736763952
0.4999307553717941
0.5002025538879332
0.5004781682714785
0.5007576345030926
0.5010409885755304
0.5013282664839444
0.5016195042158884
0.5019147377410581
0.5022140030007435
0.5025173358969738
0.502824772281368
0.5031363479436742
0.5034520985999825
0.5037720598806081
0.5040962673176251
0.5044247563320695
0.5047575622207597
0.5050947201427606
0.5054362651054529
0.5057822319502042
0.506132655337661
0.50648756973257
0.506847009388223
0.5072110083304044
0.5075796003409158
0.5079528189406006
0.5083306973718874
0.508713268580819
0.5091005651985764
0.5094926195224284
0.509889463496157
0.5102911286898788
0.5106976462792813
0.5111090470242482
0.5115253612468202
0.5119466188085323
0.5123728490870313
0.5128040809520154
0.5132403427404261
0.5136816622308874
0.5141280666173638
0.514579582482005
0.515036235767148
0.5154980517464592
0.5159650549951608
0.5164372693593389
0.516914717924273
0.5173974229817716
0.5178854059964658
0.5183786875710225
0.5188772874102586
0.519381224284074
0.5198905159892057
0.5204051793097414
0.5209252299763116
0.5214506826240025
0.5219815507488151
0.5225178466627468
0.5230595814473431
0.5236067649057217
0.524159405512982
0.5247175103649565
0.5252810851252334
0.5258501339703834
0.5264246595333429
0.5270046628448453
0.5275901432728733
0.5281810984600205
0.5287775242587152
0.529379414664189
0.5299867617451428
0.5305995555720128
0.5312177841427131
0.5318414333058278
0.5324704866810802
0.5331049255770525
0.533744728905983
0.5343898730955895
0.5350403319977689
0.5356960767940818
0.5363570758978987
0.5370232948530597
0.5376946962289598
0.5383712395119001
0.5390528809925736
0.5397395736495598
0.5404312670286505
0.5411279071178944
0.5418294362181765
0.5425357928092029
0.5432469114106734
0.5439627224385346
0.5446831520561146
0.5454081220199152
0.5461375495199714
0.5468713470144893
0.5476094220586313
0.5483516771272278
0.5490980094311998
0.5498483107275041
0.5506024671223638
0.551360358867569
0.5521218601496363
0.552886838871575
0.5536551564270374
0.5544266674666031
0.5552012196559784
0.5559786534258163
0.5567588017129664
0.5575414896928286
0.5583265345026319
0.5591137449552973
0.5599029212436769
0.5606938546349093
0.5614863271545583
0.5622801112603597
0.5630749695052603
0.5638706541894755
0.5646669070013504
0.5654634586467238
0.5662600284665895
0.5670563240427481
0.5678520407912666
0.5686468615435044
0.5694404561144565
0.570232480858251
0.5710225782105798
0.5718103762179138
0.5725954880533121
0.573377511518734
0.574156028533718
0.5749306046103557
0.5757007883145078
0.5764661107132455
0.577226084808541
0.5779802049572837
0.5787279462776865
0.5794687640423092
0.5802020930578377
0.5809273470319724
0.5816439179276874
0.5823511753053456
0.5830484656530893
0.5837351117061432
0.5844104117556446
0.5850736389477799
0.5857240405740928
0.5863608373539541
0.586983222710245
0.5875903620395492
0.588181391978165
0.5887554196654498
0.5893115220062298
0.5898487449340023
0.5903661026770387
0.5908625770295165
0.5913371166301061
0.5917886362505693
0.5922160160972377
0.5926181011283398
0.592993700390488
0.5933415863778514
0.5936604944177586
0.5939491220867709
0.5942061286615864
0.5944301346092702
0.5946197211218093
0.5947734297000742
0.5948897617926917
0.594967178495632
0.5950041003185713
0.5949989070244089
0.5949499375486736
0.5948554900057703
0.5947138217894058
0.5945231497747392
0.5942816506301319
0.5939874612466108
0.5936386792933961
0.5932333639080847
0.5927695365302553
0.5922451818874388
0.5916582491425116
0.5910066532116998
0.5902882762623435
0.5895009693996832
0.5886425545517436
0.5877108265613836
0.5867035554943021
0.5856184891715847
0.5844533559350156
0.5832058676529628
0.5818737229741238
0.580454610835818
0.578946214232799
0.5773462142517604
0.5756522943757806
0.5738621450618745
0.5719734685937771
0.5699839842106692
0.5678914335112903
0.5656935861313166
0.5633882456902367
0.5609732560022664
0.5584465075439291
0.555805944168992
0.5530495700593532
0.550175456898354
0.5471817512506456
0.5440666821305329
0.5408285687382475
0.5374658283412147
0.5339769842749
0.5303606740354266
0.5266156574335973
0.5227408247776676
0.5187352050497962
0.514597974038875
0.5103284623902727
0.5059261635310669
0.5013907414274865
0.4967220381296913
0.491920081057587
0.4869850899802997
0.4819174836410827
0.4767178859788664
0.4713871318976015
0.4659262725346241
0.46033657997999095
0.4546195513995872
0.448776912516426
0.44281062040628144
0.43672286556614176
0.43051607321683927
0.42419290380425645
0.4177562526673058
0.4112092488448467
0.404555252998247
0.3977978544311147
0.39094086719293514
0.38398832525886983
0.37694447678375037
0.36981377743430577
0.3626008828098093
0.355310639967664
0.34794807807671957
0.3405183982274695
0.33302696243454
0.3254792818729063
0.317881004395278
0.31023790138359864
0.30255585399295837
0.2948408388510663
0.28709891328083326
0.27933620011755533
0.2715588721955072
0.26377313658150897
0.25598521863515833
0.24820134597685983
0.24042773244556426
0.23267056212821538
0.2249359735423261
0.2172300440517804
0.209558774594057
0.20192807479445116
0.19434374853968459
0.1868114800795382
0.17933682072081455
0.17192517617321013
0.16458179460146846
0.15731175543265727
0.1501199589615664
0.14301111679118386
0.13598974313894807
0.12906014703319033
0.1222264254178108
0.11549245717690625
0.10886189808485842
0.10233817668130729
0.09592449106455714
0.08962380659133265
0.08343885446549171
0.07737213119326523
0.07142589887798029
0.06560218632293066
0.05990279090722189
0.05432928119594341
0.048883000243006694
0.04356506954234692
0.038376393580985914
0.03331766494562796
0.02838936993301946
0.02359179461320979
0.01892503129409444
0.014388985335145385
0.009983382258045974
0.005707775101970786
0.001561551971484692
-0.002456056274562246
-0.006345968244236822
-0.01010924419425619
-0.013747078221946594
-0.017260790516285582
-0.020651819715962715
-0.023921715421376555
-0.027072130906324383
-0.030104816073813274
-0.03302161069883438
-0.03582443799902938
-0.03851529857181415
-0.04109626473358045
-0.043569475292910165
-0.04593713078515869
-0.048201489190050975
-0.05036486214695588
-0.05242961167400484
-0.05439814738704272
-0.056272924202381
-0.05805644049332651
-0.05975123665446408
-0.06135989400966613
-0.06288503397996048
-0.06432931740595683
-0.06569544389693081
-0.06698615105551366
-0.0682042134039754
-0.06935244081630884
-0.07043367624084339
-0.07145079248218371
-0.07240668780016095
-0.07330428007829884
-0.07414649931571343
-0.07493627820403558
-0.07567654056289283
-0.07637018741889662
-0.0770200805152757
-0.07762902301875313
-0.07819973712919735
-0.07873483817777889
-0.07923680461203911
-0.07970794303015956
-0.08015034721336502
-0.08056585006175865
-0.08095596768255782
-0.08132183582285785
-0.08166414039038766
-0.08198304542082345
-0.08227812197107127
-0.08254827701484384
-0.0827916675201927
-0.08300555314545931
-0.08318597313804177
-0.0833269796631663
-0.08341873210917244
-0.08344121329832888
-0.0833276789521721
-0.08295993124097915
