500.000000
-1 -7.2087070471937595428
-0.99799999999999999822 -7.1964015529512508351
-0.99599999999999999645 -7.1840796086134748322
-0.99399999999999999467 -7.1717411936913517678
-0.99199999999999999289 -7.1593862971382655758
-0.98999999999999999112 -7.147014914127250762
-0.98799999999999998934 -7.134627041930354352
-0.98599999999999998757 -7.1222226750152684005
-0.98399999999999998579 -7.1098017999011329238
-0.98199999999999998401 -7.0973643908275017012
-0.97999999999999998224 -7.0849104071751183298
-0.97799999999999998046 -7.0724397929921272166
-0.97599999999999997868 -7.0599524784284470869
-0.97399999999999997691 -7.0474483824259532838
-0.97199999999999997513 -7.0349274159509151971
-0.96999999999999997335 -7.0223894856558652933
-0.96799999999999997158 -7.0098344983127862662
-0.9659999999999999698 -6.9972623659903137039
-0.96399999999999996803 -6.9846730112707824389
-0.96199999999999996625 -6.9720663713476831447
-0.95999999999999996447 -6.9594423997742840271
-0.9579999999999999627 -6.9468010654351051159
-0.95599999999999996092 -6.9341423495665646115
-0.95399999999999995914 -6.9214662420368284756
-0.95199999999999995737 -6.9087727375180669753
-0.94999999999999995559 -6.8960618315658557265
-0.94799999999999995381 -6.8833335162016702213
-0.94599999999999995204 -6.8705877748405068672
-0.94399999999999995026 -6.857824577528012
-0.94199999999999994849 -6.8450438780442608433
-0.93999999999999994671 -6.8322456136368954205
-0.93799999999999994493 -6.819429707080506553
-0.93599999999999994316 -6.8065960699826071334
-0.9340000000000000524 -6.7937446060444646179
-0.93200000000000005063 -6.780875214013039276
-0.93000000000000004885 -6.767987791187652924
-0.92800000000000004707 -6.7550822379655475203
-0.9260000000000000453 -6.7421584629792237209
-0.92400000000000004352 -6.729216387728527593
-0.92200000000000004174 -6.7162559492339228839
-0.92000000000000003997 -6.7032771001458586468
-0.91800000000000003819 -6.6902798072692437614
-0.91600000000000003642 -6.6772640493875377032
-0.91400000000000003464 -6.6642298143147788991
-0.91200000000000003286 -6.6511770946260355686
-0.91000000000000003109 -6.6381058815861697653
-0.90800000000000002931 -6.6250161582241871017
-0.90600000000000002753 -6.6119078939709261533
-0.90400000000000002576 -6.5987810421797963301
-0.90200000000000002398 -6.5856355399228103664
-0.9000000000000000222 -6.5724713089855839598
-0.89800000000000002043 -6.5592882575176503224
-0.89600000000000001865 -6.5460862827706263189
-0.89400000000000001688 -6.5328652753593470237
-0.8920000000000000151 -6.5196251240488871659
-0.89000000000000001332 -6.5063657196070643352
-0.88800000000000001155 -6.4930869575491172441
-0.88600000000000000977 -6.4797887407027054962
-0.88400000000000000799 -6.4664709823293939905
-0.88200000000000000622 -6.4531336092304227847
-0.88000000000000000444 -6.4397765633998105272
-0.87800000000000000266 -6.4263998014414340787
-0.87600000000000000089 -6.4130032921915631761
-0.87399999999999999911 -6.3995870132860686041
-0.87199999999999999734 -6.3861509468054835637
-0.86999999999999999556 -6.3726950736651746254
-0.86799999999999999378 -6.3592193669354095675
-0.86599999999999999201 -6.3457237854066983473
-0.86399999999999999023 -6.3322082692631029843
-0.86199999999999998845 -6.3186727389519301568
-0.85999999999999998668 -6.3051170968053185106
-0.8579999999999999849 -6.2915412300251913891
-0.85599999999999998312 -6.2779450140797115054
-0.85399999999999998135 -6.2643283167611381046
-0.85199999999999997957 -6.250691003671454915
-0.8499999999999999778 -6.2370329450112746983
-0.84799999999999997602 -6.2233540221037841889
-0.84599999999999997424 -6.2096541316557294365
-0.84399999999999997247 -6.1959331869538569748
-0.84199999999999997069 -6.1821911169525138874
-0.83999999999999996891 -6.1684278648446531079
-0.83799999999999996714 -6.1546433867070735602
-0.83599999999999996536 -6.1408376493542160546
-0.83399999999999996358 -6.1270106262211436743
-0.83199999999999996181 -6.113162291253513736
-0.82999999999999996003 -6.0992926121679955642
-0.82799999999999995826 -6.0854015446496037001
-0.82599999999999995648 -6.0714890280343256634
-0.8239999999999999547 -6.0575549820750307362
-0.82199999999999995293 -6.0435993046067970624
-0.81999999999999995115 -6.029621870957259766
-0.81799999999999994937 -6.0156225363841961951
-0.8159999999999999476 -6.0016011418715118353
-0.81399999999999994582 -5.987557522057028514
-0.81199999999999994404 -5.9734915133868362602
-0.80999999999999994227 -5.9594029612901699977
-0.80800000000000005151 -5.9452917262315416735
-0.80600000000000004974 -5.9311576886758823335
-0.80400000000000004796 -5.9170007523388701287
-0.80200000000000004619 -5.9028208447819041638
-0.80000000000000004441 -5.8886179151909514573
-0.79800000000000004263 -5.874391930292746089
-0.79600000000000004086 -5.8601428694409598563
-0.79400000000000003908 -5.8458707187675944539
-0.7920000000000000373 -5.831575463368388057
-0.79000000000000003553 -5.8172570771909928311
-0.78800000000000003375 -5.8029155122342830353
-0.78600000000000003197 -5.7885506899127108227
-0.7840000000000000302 -5.7741624966697040477
-0.78200000000000002842 -5.759750783958748066
-0.78000000000000002665 -5.7453153715206388696
-0.77800000000000002487 -5.7308560532673222809
-0.77600000000000002309 -5.7163726058490862414
-0.77400000000000002132 -5.7018647996792806154
-0.77200000000000001954 -5.6873324111139789139
-0.77000000000000001776 -5.6727752342311150713
-0.76800000000000001599 -5.6581930917237297507
-0.76600000000000001421 -5.6435858451554414827
-0.76400000000000001243 -5.6289534034822246156
-0.76200000000000001066 -5.6142957262791366446
-0.76000000000000000888 -5.5996128177332344933
-0.75800000000000000711 -5.5849047109047571524
-0.75600000000000000533 -5.5701714466901837142
-0.75400000000000000355 -5.5554130540072605982
-0.75200000000000000178 -5.5406295351994927501
-0.75 -5.5258208561696653405
-0.74799999999999999822 -5.5109869384032856843
-0.74599999999999999645 -5.4961276512194459087
-0.74399999999999999467 -5.4812428052609734053
-0.74199999999999999289 -5.4663321498998840298
-0.73999999999999999112 -5.4513953772948564591
-0.73799999999999998934 -5.4364321349025344077
-0.73599999999999998757 -5.4214420464014416723
-0.73399999999999998579 -5.40642473813766955
-0.73199999999999998401 -5.3913798657455309637
-0.72999999999999998224 -5.3763071360088963146
-0.72799999999999998046 -5.361206322718055084
-0.72599999999999997868 -5.346077278848489378
-0.72399999999999997691 -5.3309199467340615541
-0.72199999999999997513 -5.3157343631807956186
-0.71999999999999997335 -5.3005206525175481147
-0.71799999999999997158 -5.2852790018115447523
-0.7159999999999999698 -5.2700096183471769606
-0.71399999999999996803 -5.2547126758756022014
-0.71199999999999996625 -5.2393882601093340057
-0.70999999999999996447 -5.2240363251004913181
-0.7079999999999999627 -5.2086566704038919084
-0.70599999999999996092 -5.1932489435170419156
-0.70399999999999995914 -5.1778126642072210828
-0.70199999999999995737 -5.1623472614746539477
-0.69999999999999995559 -5.1468521139510015061
-0.69799999999999995381 -5.1313265891347343839
-0.69599999999999995204 -5.1157700809295905131
-0.69399999999999995026 -5.100182045860109703
-0.69199999999999994849 -5.0845620381002119004
-0.68999999999999994671 -5.0689097438199590684
-0.68799999999999994493 -5.0532250137905103671
-0.68599999999999994316 -5.0375078867960594309
-0.68399999999999994138 -5.0217585886266924433
-0.6819999999999999396 -5.005977490804361274
-0.67999999999999993783 -4.9901650243275570418
-0.67800000000000004707 -4.9743215619679803652
-0.6760000000000000453 -4.9584472985709933113
-0.67400000000000004352 -4.9425421645934415338
-0.67200000000000004174 -4.9266057988086089381
-0.67000000000000003997 -4.9106375810250826319
-0.66800000000000003819 -4.8946366951823998548
-0.66600000000000003642 -4.8786021802764745203
-0.66400000000000003464 -4.8625329494843878564
-0.66200000000000003286 -4.8464278051781528589
-0.66000000000000003109 -4.8302855073350352555
-0.65800000000000002931 -4.8141049280403649391
-0.65600000000000002753 -4.7978852532416382815
-0.65400000000000002576 -4.7816261293820927492
-0.65200000000000002398 -4.7653276548954028868
-0.6500000000000000222 -4.7489901948449668723
-0.64800000000000002043 -4.7326141006939339562
-0.64600000000000001865 -4.7161994714455683919
-0.64400000000000001688 -4.6997460544029534546
-0.6420000000000000151 -4.6832532780666298322
-0.64000000000000001332 -4.6667203162887869183
-0.63800000000000001155 -4.6501460818930384633
-0.63600000000000000977 -4.6335291564149505561
-0.63400000000000000799 -4.616867810906303049
-0.63200000000000000622 -4.6001603437608746816
-0.63000000000000000444 -4.5834058699020872041
-0.62800000000000000266 -4.5666054594941325462
-0.62600000000000000089 -4.5497632765330626725
-0.62399999999999999911 -4.5328872801910797818
-0.62199999999999999734 -4.5159892070058225144
-0.61999999999999999556 -4.499083859625608639
-0.61799999999999999378 -4.4821879793928145475
-0.61599999999999999201 -4.4653190196663219425
-0.61399999999999999023 -4.4484939930937574815
-0.61199999999999998845 -4.4317284084805379507
-0.60999999999999998668 -4.4150352809548190081
-0.6079999999999999849 -4.3984242845046486181
-0.60599999999999998312 -4.3819011990647629418
-0.60399999999999998135 -4.3654677836848652106
-0.60199999999999997957 -4.349122090668705809
-0.5999999999999999778 -4.3328591159162934687
-0.59799999999999997602 -4.3166716345954583289
-0.59599999999999997424 -4.3005510925575078929
-0.59399999999999997247 -4.2844884589980898326
-0.59199999999999997069 -4.2684749695628365629
-0.58999999999999996891 -4.2525027154188084211
-0.58799999999999996714 -4.2365650634215734627
-0.58599999999999996536 -4.2206569020142490345
-0.58399999999999996358 -4.2047747009103302318
-0.58199999999999996181 -4.188916386089145405
-0.57999999999999996003 -4.1730810696504052615
-0.57799999999999995826 -4.1572686971948416002
-0.57599999999999995648 -4.14147966794482425
-0.5739999999999999547 -4.125714475723445851
-0.57199999999999995293 -4.1099734270810293069
-0.56999999999999995115 -4.0942564847676639062
-0.56799999999999994937 -4.0785632398284539235
-0.5659999999999999476 -4.0628929679005025832
-0.56399999999999994582 -4.0472447183145137117
-0.56199999999999994404 -4.031617411051604094
-0.55999999999999994227 -4.0160099351620637265
-0.55799999999999994049 -4.0004212372837271161
-0.55599999999999993872 -3.9848503818784268837
-0.55399999999999993694 -3.9692965747651465236
-0.55200000000000004619 -3.9537591600777237666
-0.55000000000000004441 -3.9382376082964078989
-0.54800000000000004263 -3.9227315046322579484
-0.54600000000000004086 -3.9072405347707750423
-0.54400000000000003908 -3.8917644618413698154
-0.5420000000000000373 -3.8763030961328603929
-0.54000000000000003553 -3.8608562683717457809
-0.53800000000000003375 -3.8454238179043369605
-0.53600000000000003197 -3.8300055971910209607
-0.5340000000000000302 -3.814601482846093905
-0.53200000000000002842 -3.799211380782049563
-0.53000000000000002665 -3.783835219434477537
-0.52800000000000002487 -3.7684729341449139106
-0.52600000000000002309 -3.75312445111559434
-0.52400000000000002132 -3.7377896779354577994
-0.52200000000000001954 -3.7224685010648879135
-0.52000000000000001776 -3.7071607855353301275
-0.51800000000000001599 -3.6918663737857762008
-0.51600000000000001421 -3.6765850851468315774
-0.51400000000000001243 -3.6613167188880555436
-0.51200000000000001066 -3.646061063019887083
-0.51000000000000000888 -3.630817910384743552
-0.50800000000000000711 -3.6155870803080976117
-0.50600000000000000533 -3.6003684388903707259
-0.50400000000000000355 -3.5851619109233383575
-0.50200000000000000178 -3.5699674821409868031
-0.5 -3.5547851944193671336
-0.49799999999999999822 -3.5396151360911352057
-0.49599999999999999645 -3.5244574292162345053
-0.49399999999999999467 -3.5093122163613115205
-0.49199999999999999289 -3.4941796477393625153
-0.48999999999999999112 -3.4790598664481584557
-0.48799999999999998934 -3.4639529901919865473
-0.48599999999999998757 -3.4488590917760415522
-0.48399999999999998579 -3.4337781822040116531
-0.48199999999999998401 -3.418710198483660978
-0.47999999999999998224 -3.4036549974104279848
-0.47799999999999998046 -3.3886123578894364883
-0.47599999999999997868 -3.3735819936986364276
-0.47399999999999997691 -3.3585635743696915512
-0.47199999999999997513 -3.3435567493862929922
-0.46999999999999997335 -3.3285611728980049051
-0.46799999999999997158 -3.3135765278802504774
-0.4659999999999999698 -3.2986025475093008197
-0.46399999999999996803 -3.2836390308300109631
-0.46199999999999996625 -3.2686858519801642586
-0.45999999999999996447 -3.253742964473491206
-0.4579999999999999627 -3.2388104010838385527
-0.45599999999999996092 -3.2238882680522480406
-0.45400000000000001465 -3.208976733395339842
-0.45200000000000001288 -3.1940760113516182273
-0.4500000000000000111 -3.179186344957805499
-0.44800000000000000933 -3.1643079868852770353
-0.44600000000000000755 -3.1494411782589177839
-0.44400000000000000577 -3.1345861275400923596
-0.442000000000000004 -3.1197429934027129939
-0.44000000000000000222 -3.1049118738100971449
-0.43800000000000000044 -3.0900928005390033704
-0.43599999999999999867 -3.0752857380903200202
-0.43399999999999999689 -3.0604905870157761427
-0.43199999999999999512 -3.0457071924311107658
-0.42999999999999999334 -3.0309353572179431602
-0.42799999999999999156 -3.0161748565079840034
-0.42599999999999998979 -3.0014254500431598593
-0.42399999999999998801 -2.9866868917351632184
-0.42199999999999998623 -2.9719589373572574686
-0.41999999999999998446 -2.9572413508124424375
-0.41799999999999998268 -2.9425339092307192246
-0.4159999999999999809 -2.927836408335119156
-0.41399999999999997913 -2.9131486702378039944
-0.41199999999999997735 -2.8984705540294268822
-0.40999999999999997558 -2.8838019662553402434
-0.4079999999999999738 -2.8691428669330121259
-0.40599999999999997202 -2.8544932684261978828
-0.40399999999999997025 -2.8398532273367131928
-0.40199999999999996847 -2.825222831569195403
-0.39999999999999996669 -2.8106021852201008571
-0.39799999999999996492 -2.7959913934253868284
-0.39599999999999996314 -2.7813905493524471169
-0.39399999999999996136 -2.7667997253862486318
-0.3920000000000000151 -2.752218969374509161
-0.39000000000000001332 -2.7376483046301300917
-0.38800000000000001155 -2.7230877306303615804
-0.38600000000000000977 -2.7085372226742747692
-0.38400000000000000799 -2.6939967318427817666
-0.38200000000000000622 -2.679466187905385155
-0.38000000000000000444 -2.6649455060560445219
-0.37800000000000000266 -2.6504345958522468329
-0.37600000000000000089 -2.6359333700398868139
-0.37399999999999999911 -2.6214417518544115282
-0.37199999999999999734 -2.606959680269219426
-0.36999999999999999556 -2.5924871129871114306
-0.36799999999999999378 -2.578024027100144
-0.36599999999999999201 -2.5635704176936902066
-0.36399999999999999023 -2.5491262953576461214
-0.36199999999999998845 -2.5346916838468285249
-0.35999999999999998668 -2.5202666178703161393
-0.3579999999999999849 -2.5058511390768867244
-0.35599999999999998312 -2.4914452883629727431
-0.35399999999999998135 -2.4770490942949887625
-0.35199999999999997957 -2.4626625595438347283
-0.3499999999999999778 -2.4482856482042683055
-0.34799999999999997602 -2.43391827574917885
-0.34599999999999997424 -2.4195603019115785592
-0.34399999999999997247 -2.4052115260047406409
-0.34199999999999997069 -2.3908716846356856678
-0.33999999999999996891 -2.3765404529521223509
-0.33799999999999996714 -2.3622174511339846248
-0.33599999999999996536 -2.3479022572763410537
-0.33399999999999996358 -2.3335944266065316022
-0.33199999999999996181 -2.3192935159226424346
-0.32999999999999996003 -2.3049991109131631184
-0.32799999999999995826 -2.2907108519976802086
-0.32600000000000001199 -2.2764284531252672039
-0.32400000000000001021 -2.2621517093691170253
-0.32200000000000000844 -2.247880492565263566
-0.32000000000000000666 -2.2336147383663580435
-0.31800000000000000488 -2.2193544316001023731
-0.31600000000000000311 -2.2050995973065492528
-0.31400000000000000133 -2.1908503003747710203
-0.31199999999999999956 -2.1766066502415895023
-0.30999999999999999778 -2.1623688023130340774
-0.307999999999999996 -2.1481369471210256528
-0.30599999999999999423 -2.1339112832154065735
-0.30399999999999999245 -2.1196919778063496587
-0.30199999999999999067 -2.1054791263540622026
-0.2999999999999999889 -2.0912727251466307621
-0.29799999999999998712 -2.0770726685532476807
-0.29599999999999998535 -2.0628787755549797822
-0.29399999999999998357 -2.0486908404926325034
-0.29199999999999998179 -2.0345086938874392679
-0.28999999999999998002 -2.0203322526342284426
-0.28799999999999997824 -2.0061615389404106047
-0.28599999999999997646 -1.9919966562459843207
-0.28399999999999997469 -1.9778377250164058676
-0.28199999999999997291 -1.9636847962328218831
-0.27999999999999997113 -1.9495377699752709511
-0.27799999999999996936 -1.9353963469807964337
-0.27599999999999996758 -1.921260032157987796
-0.27399999999999996581 -1.9071281935827404386
-0.27199999999999996403 -1.8930001646618641598
-0.26999999999999996225 -1.8788753654979735153
-0.26799999999999996048 -1.8647534136199617194
-0.2659999999999999587 -1.8506341957991641056
-0.26400000000000001243 -1.8365178815727023487
-0.26200000000000001066 -1.8224048736215434641
-0.26000000000000000888 -1.8082957067789153793
-0.25800000000000000711 -1.794190919860050748
-0.25600000000000000533 -1.7800909322533686741
-0.25400000000000000355 -1.7659959572902454994
-0.25200000000000000178 -1.7519059720060745633
-0.24999999999999997224 -1.7378207473429110319
-0.24799999999999999822 -1.723739927645385972
-0.24599999999999999645 -1.7096631354745455145
-0.24399999999999999467 -1.6955900728190478333
-0.24199999999999999289 -1.6815205920334281853
-0.23999999999999999112 -1.6674547187429116235
-0.23799999999999998934 -1.6533926231154225661
-0.23599999999999998757 -1.6393345512008670184
-0.23399999999999998579 -1.6252807391185213337
-0.23199999999999998401 -1.6112313371961086705
-0.22999999999999998224 -1.5971863676635984497
-0.22799999999999998046 -1.5831457291917545582
-0.22599999999999997868 -1.5691092472165588667
-0.22399999999999997691 -1.555076754041031295
-0.22199999999999997513 -1.5410481718100521586
-0.21999999999999997335 -1.5270235691932640965
-0.21799999999999997158 -1.5130031688439322668
-0.2159999999999999698 -1.4989872971497992804
-0.21399999999999999578 -1.4849762872319502982
-0.211999999999999994 -1.4709703637203417337
-0.20999999999999999223 -1.4569695464596652545
-0.20799999999999999045 -1.4429736066379021953
-0.20599999999999998868 -1.4289820925902390059
-0.2039999999999999869 -1.4149944191192451726
-0.20199999999999998512 -1.4010099935690700779
-0.19999999999999998335 -1.3870283401418697089
-0.19799999999999998157 -1.3730491858859947829
-0.19599999999999997979 -1.3590724859234011301
-0.19399999999999997802 -1.3450983861312877377
-0.19199999999999997624 -1.3311271412672285308
-0.18999999999999997446 -1.317159018125950265
-0.18799999999999997269 -1.3031942138629399874
-0.18599999999999997091 -1.2892328109529669344
-0.18399999999999999689 -1.2752747764198451019
-0.18199999999999999512 -1.2613199987220431453
-0.17999999999999999334 -1.2473683451136863276
-0.17799999999999999156 -1.2334197245286733224
-0.17599999999999998979 -1.219474137094776367
-0.17399999999999998801 -1.205531690699798375
-0.17199999999999998623 -1.1915925855830165059
-0.16999999999999998446 -1.1776570712294720522
-0.16799999999999998268 -1.1637253817480059936
-0.1659999999999999809 -1.1497976644806393587
-0.16399999999999997913 -1.135873915948569346
-0.16199999999999997735 -1.1219539395006428162
-0.15999999999999997558 -1.1080373367219926717
-0.1579999999999999738 -1.0941235386152718956
-0.15599999999999997202 -1.0802118736300081459
-0.15399999999999997025 -1.066301660910162763
-0.15199999999999996847 -1.0523923112404098834
-0.14999999999999999445 -1.0384834159360034622
-0.14799999999999999267 -1.0245748060026960147
-0.1459999999999999909 -1.0106665703005581758
-0.14399999999999998912 -0.996759030569360438
-0.14199999999999998734 -0.98285267975106704874
-0.13999999999999998557 -0.9689480971465851411
-0.13799999999999998379 -0.95504585655581786252
-0.13599999999999998201 -0.94114644391196733419
-0.13399999999999998024 -0.92725020116328416009
-0.13199999999999997846 -0.9133573021737982911
-0.12999999999999997669 -0.89946775930160494106
-0.12799999999999997491 -0.88558145628600104526
-0.12599999999999997313 -0.87169819615203469887
-0.12399999999999998523 -0.85781775195022325065
-0.12199999999999998346 -0.84393990946289754174
-0.11999999999999998168 -0.8300644945546635789
-0.1179999999999999799 -0.81619138268701607597
-0.11599999999999997813 -0.80232049240441805082
-0.11399999999999997635 -0.78845176846715692154
-0.11199999999999998845 -0.77458516269554211764
-0.10999999999999998668 -0.76072061916394007053
-0.1079999999999999849 -0.74685806672083954183
-0.10599999999999998312 -0.7329974184949640259
-0.10399999999999998135 -0.71913857610823028743
-0.10199999999999997957 -0.70528143511783669695
-0.099999999999999977796 -0.69142589804149645616
-0.097999999999999976019 -0.67757186833637883527
-0.095999999999999974243 -0.66371923468354177
-0.093999999999999986344 -0.64986789451492843472
-0.091999999999999984568 -0.63601777351666866078
-0.089999999999999982792 -0.62216882958512376156
-0.087999999999999981015 -0.60832106605806390842
-0.085999999999999979239 -0.59447453902339997267
-0.083999999999999977462 -0.58062935263678527864
-0.081999999999999975686 -0.56678564017303167955
-0.079999999999999987788 -0.5529435333419090437
-0.077999999999999986011 -0.53910312684331207489
-0.075999999999999984235 -0.52526444728776722215
-0.073999999999999982458 -0.51142743492064668409
-0.071999999999999980682 -0.49759194381492394266
-0.069999999999999978906 -0.48375776124049257865
-0.067999999999999977129 -0.4699246412405398976
-0.065999999999999975353 -0.45609234370882811849
-0.063999999999999973577 -0.44226066974512728835
-0.061999999999999978739 -0.42842948578531248049
-0.059999999999999983902 -0.41459875414350488843
-0.057999999999999982125 -0.40076850583630019287
-0.055999999999999980349 -0.38693878076548010592
-0.053999999999999978573 -0.3731096481159051903
-0.051999999999999976796 -0.35928120524045348283
-0.049999999999999981959 -0.34545353774110437728
-0.047999999999999980183 -0.33162670785948472618
-0.045999999999999978406 -0.31780075035166599484
-0.043999999999999983569 -0.30397567425717614276
-0.041999999999999981792 -0.29015146846850714546
-0.039999999999999980016 -0.27632810900870496962
-0.03799999999999997824 -0.26250556580482908853
-0.035999999999999976463 -0.24868380638814804873
-0.033999999999999981626 -0.23486279578303537185
-0.031999999999999979849 -0.22104249425904728965
-0.029999999999999978073 -0.20722285487272060212
-0.027999999999999979766 -0.19340382251442927997
-0.025999999999999981459 -0.17958533549224525716
-0.023999999999999979683 -0.16576732858652712399
-0.021999999999999977907 -0.1519497359612721199
-0.0199999999999999796 -0.13813252676984622003
-0.017999999999999981293 -0.12431568298974023101
-0.015999999999999979516 -0.11049914534131695387
-0.013999999999999979475 -0.096682867795379143216
-0.011999999999999979433 -0.082866821978000382298
-0.0099999999999999793915 -0.069050899839577378758
-0.0079999999999999793499 -0.055234787724357900518
-0.0059999999999999793082 -0.041418362645078268813
-0.0039999999999999792666 -0.027603938243117777385
-0.001999999999999979225 -0.013797334712526808029
2.0816681711721685133e-17 0
0.0020000000000000208583 0.013797334712526808029
0.0040000000000000208999 0.027603938243117777385
0.0060000000000000209416 0.041418362645078268813
0.0080000000000000209832 0.055234787724357900518
0.010000000000000021025 0.069050899839577378758
0.012000000000000021066 0.082866821978000382298
0.014000000000000021108 0.096682867795379143216
0.01600000000000002115 0.11049914534131695387
0.018000000000000022926 0.12431568298974023101
0.020000000000000021233 0.13813252676984622003
0.02200000000000001954 0.1519497359612721199
0.024000000000000021316 0.16576732858652712399
0.026000000000000023093 0.17958533549224525716
0.0280000000000000214 0.19340382251442927997
0.030000000000000019706 0.20722285487272060212
0.032000000000000021483 0.22104249425904728965
0.034000000000000023259 0.23486279578303537185
0.036000000000000018097 0.24868380638814804873
0.038000000000000019873 0.26250556580482908853
0.040000000000000021649 0.27632810900870496962
0.042000000000000023426 0.29015146846850714546
0.044000000000000025202 0.30397567425717614276
0.04600000000000002004 0.31780075035166599484
0.048000000000000021816 0.33162670785948472618
0.050000000000000023592 0.34545353774110437728
0.05200000000000001843 0.35928120524045348283
0.054000000000000020206 0.3731096481159051903
0.056000000000000021982 0.38693878076548010592
0.058000000000000023759 0.40076850583630019287
0.060000000000000025535 0.41459875414350488843
0.062000000000000020373 0.42842948578531248049
0.064000000000000029088 0.44226066974512728835
0.066000000000000016986 0.45609234370882811849
0.068000000000000018763 0.4699246412405398976
0.070000000000000020539 0.48375776124049257865
0.072000000000000022315 0.49759194381492394266
0.074000000000000024092 0.51142743492064668409
0.076000000000000025868 0.52526444728776722215
0.078000000000000027645 0.53910312684331207489
0.080000000000000015543 0.5529435333419090437
0.082000000000000017319 0.56678564017303167955
0.084000000000000019096 0.58062935263678527864
0.086000000000000020872 0.59447453902339997267
0.088000000000000022649 0.60832106605806390842
0.090000000000000024425 0.62216882958512376156
0.092000000000000026201 0.63601777351666866078
0.094000000000000027978 0.64986789451492843472
0.096000000000000029754 0.66371923468354177
0.098000000000000017653 0.67757186833637883527
0.10000000000000001943 0.69142589804149645616
0.10200000000000002121 0.70528143511783669695
0.10400000000000002298 0.71913857610823028743
0.10600000000000002476 0.7329974184949640259
0.10800000000000002653 0.74685806672083954183
0.11000000000000002831 0.76072061916394007053
0.11200000000000001621 0.77458516269554211764
0.11400000000000001799 0.78845176846715692154
0.11600000000000001976 0.80232049240441805082
0.11800000000000002154 0.81619138268701607597
0.12000000000000002331 0.8300644945546635789
0.12200000000000002509 0.84393990946289754174
0.12400000000000002687 0.85781775195022325065
0.12600000000000002864 0.87169819615203469887
0.12800000000000003042 0.88558145628600104526
0.1300000000000000322 0.89946775930160494106
0.13200000000000003397 0.9133573021737982911
0.13400000000000003575 0.92725020116328416009
0.13600000000000000977 0.94114644391196733419
0.13800000000000001155 0.95504585655581786252
0.14000000000000001332 0.9689480971465851411
0.1420000000000000151 0.98285267975106704874
0.14400000000000001688 0.996759030569360438
0.14600000000000001865 1.0106665703005581758
0.14800000000000002043 1.0245748060026960147
0.1500000000000000222 1.0384834159360034622
0.15200000000000002398 1.0523923112404098834
0.15400000000000002576 1.066301660910162763
0.15600000000000002753 1.0802118736300081459
0.15800000000000002931 1.0941235386152718956
0.16000000000000003109 1.1080373367219926717
0.16200000000000003286 1.1219539395006428162
0.16400000000000003464 1.135873915948569346
0.16600000000000003642 1.1497976644806393587
0.16800000000000003819 1.1637253817480059936
0.17000000000000001221 1.1776570712294720522
0.17200000000000001399 1.1915925855830165059
0.17400000000000001577 1.205531690699798375
0.17600000000000001754 1.219474137094776367
0.17800000000000001932 1.2334197245286733224
0.18000000000000002109 1.2473683451136863276
0.18200000000000002287 1.2613199987220431453
0.18400000000000002465 1.2752747764198451019
0.18600000000000002642 1.2892328109529669344
0.1880000000000000282 1.3031942138629399874
0.19000000000000002998 1.317159018125950265
0.19200000000000003175 1.3311271412672285308
0.19400000000000003353 1.3450983861312877377
0.19600000000000003531 1.3590724859234011301
0.19800000000000003708 1.3730491858859947829
0.2000000000000000111 1.3870283401418697089
0.20200000000000001288 1.4010099935690700779
0.20400000000000001465 1.4149944191192451726
0.20600000000000001643 1.4289820925902390059
0.20800000000000001821 1.4429736066379021953
0.21000000000000001998 1.4569695464596652545
0.21200000000000002176 1.4709703637203417337
0.21400000000000002354 1.4849762872319502982
0.21600000000000002531 1.4989872971497992804
0.21800000000000002709 1.5130031688439322668
0.22000000000000002887 1.5270235691932640965
0.22200000000000003064 1.5410481718100521586
0.22400000000000003242 1.555076754041031295
0.22600000000000003419 1.5691092472165588667
0.22800000000000003597 1.5831457291917545582
0.23000000000000003775 1.5971863676635984497
0.23200000000000003952 1.6112313371961086705
0.23400000000000001354 1.6252807391185213337
0.23600000000000001532 1.6393345512008670184
0.2380000000000000171 1.6533926231154225661
0.24000000000000001887 1.6674547187429116235
0.24200000000000002065 1.6815205920334281853
0.24400000000000002243 1.6955900728190478333
0.2460000000000000242 1.7096631354745455145
0.24800000000000002598 1.723739927645385972
0.25 1.7378207473429110319
0.25200000000000000178 1.7519059720060745633
0.25400000000000000355 1.7659959572902454994
0.25600000000000000533 1.7800909322533686741
0.25800000000000000711 1.794190919860050748
0.26000000000000000888 1.8082957067789153793
0.26200000000000001066 1.8224048736215434641
0.26400000000000001243 1.8365178815727023487
0.26600000000000001421 1.8506341957991641056
0.26800000000000001599 1.8647534136199617194
0.27000000000000001776 1.8788753654979735153
0.27200000000000001954 1.8930001646618641598
0.27400000000000002132 1.9071281935827404386
0.27600000000000002309 1.921260032157987796
0.27800000000000002487 1.9353963469807964337
0.28000000000000002665 1.9495377699752709511
0.28200000000000002842 1.9636847962328218831
0.2840000000000000302 1.9778377250164058676
0.28600000000000003197 1.9919966562459843207
0.28800000000000003375 2.0061615389404106047
0.29000000000000003553 2.0203322526342284426
0.2920000000000000373 2.0345086938874392679
0.29400000000000003908 2.0486908404926325034
0.29600000000000004086 2.0628787755549797822
0.29800000000000004263 2.0770726685532476807
0.30000000000000004441 2.0912727251466307621
0.30200000000000004619 2.1054791263540622026
0.30400000000000004796 2.1196919778063496587
0.30600000000000004974 2.1339112832154065735
0.30800000000000005151 2.1481369471210256528
0.31000000000000005329 2.1623688023130340774
0.31200000000000005507 2.1766066502415895023
0.31400000000000000133 2.1908503003747710203
0.31600000000000000311 2.2050995973065492528
0.31800000000000000488 2.2193544316001023731
0.32000000000000000666 2.2336147383663580435
0.32200000000000000844 2.247880492565263566
0.32400000000000001021 2.2621517093691170253
0.32600000000000001199 2.2764284531252672039
0.32800000000000001377 2.2907108519976802086
0.33000000000000001554 2.3049991109131631184
0.33200000000000001732 2.3192935159226424346
0.3340000000000000191 2.3335944266065316022
0.33600000000000002087 2.3479022572763410537
0.33800000000000002265 2.3622174511339846248
0.34000000000000002442 2.3765404529521223509
0.3420000000000000262 2.3908716846356856678
0.34400000000000002798 2.4052115260047406409
0.34600000000000002975 2.4195603019115785592
0.34800000000000003153 2.43391827574917885
0.35000000000000003331 2.4482856482042683055
0.35200000000000003508 2.4626625595438347283
0.35400000000000003686 2.4770490942949887625
0.35600000000000003864 2.4914452883629727431
0.35800000000000004041 2.5058511390768867244
0.36000000000000004219 2.5202666178703161393
0.36200000000000004396 2.5346916838468285249
0.36400000000000004574 2.5491262953576461214
0.36600000000000004752 2.5635704176936902066
0.36800000000000004929 2.578024027100144
0.37000000000000005107 2.5924871129871114306
0.37200000000000005285 2.606959680269219426
0.37400000000000005462 2.6214417518544115282
0.37600000000000000089 2.6359333700398868139
0.37800000000000000266 2.6504345958522468329
0.38000000000000000444 2.6649455060560445219
0.38200000000000000622 2.679466187905385155
0.38400000000000000799 2.6939967318427817666
0.38600000000000000977 2.7085372226742747692
0.38800000000000001155 2.7230877306303615804
0.39000000000000001332 2.7376483046301300917
0.3920000000000000151 2.752218969374509161
0.39400000000000001688 2.7667997253862486318
0.39600000000000001865 2.7813905493524471169
0.39800000000000002043 2.7959913934253868284
0.4000000000000000222 2.8106021852201008571
0.40200000000000002398 2.825222831569195403
0.40400000000000002576 2.8398532273367131928
0.40600000000000002753 2.8544932684261978828
0.40800000000000002931 2.8691428669330121259
0.41000000000000003109 2.8838019662553402434
0.41200000000000003286 2.8984705540294268822
0.41400000000000003464 2.9131486702378039944
0.41600000000000003642 2.927836408335119156
0.41800000000000003819 2.9425339092307192246
0.42000000000000003997 2.9572413508124424375
0.42200000000000004174 2.9719589373572574686
0.42400000000000004352 2.9866868917351632184
0.4260000000000000453 3.0014254500431598593
0.42800000000000004707 3.0161748565079840034
0.43000000000000004885 3.0309353572179431602
0.43200000000000005063 3.0457071924311107658
0.4340000000000000524 3.0604905870157761427
0.43600000000000005418 3.0752857380903200202
0.43800000000000005596 3.0900928005390033704
0.44000000000000005773 3.1049118738100971449
0.442000000000000004 3.1197429934027129939
0.44400000000000000577 3.1345861275400923596
0.44600000000000000755 3.1494411782589177839
0.44800000000000000933 3.1643079868852770353
0.4500000000000000111 3.179186344957805499
0.45200000000000001288 3.1940760113516182273
0.45400000000000001465 3.208976733395339842
0.45600000000000001643 3.2238882680522480406
0.45800000000000001821 3.2388104010838385527
0.46000000000000001998 3.253742964473491206
0.46200000000000002176 3.2686858519801642586
0.46400000000000002354 3.2836390308300109631
0.46600000000000002531 3.2986025475093008197
0.46800000000000002709 3.3135765278802504774
0.47000000000000002887 3.3285611728980049051
0.47200000000000003064 3.3435567493862929922
0.47400000000000003242 3.3585635743696915512
0.47600000000000003419 3.3735819936986364276
0.47800000000000003597 3.3886123578894364883
0.48000000000000003775 3.4036549974104279848
0.48200000000000003952 3.418710198483660978
0.4840000000000000413 3.4337781822040116531
0.48600000000000004308 3.4488590917760415522
0.48800000000000004485 3.4639529901919865473
0.49000000000000004663 3.4790598664481584557
0.49200000000000004841 3.4941796477393625153
0.49400000000000005018 3.5093122163613115205
0.49600000000000005196 3.5244574292162345053
0.49800000000000005373 3.5396151360911352057
0.5 3.5547851944193671336
0.50200000000000000178 3.5699674821409868031
0.50400000000000000355 3.5851619109233383575
0.50600000000000000533 3.6003684388903707259
0.50800000000000000711 3.6155870803080976117
0.51000000000000000888 3.630817910384743552
0.51200000000000001066 3.646061063019887083
0.51400000000000001243 3.6613167188880555436
0.51600000000000001421 3.6765850851468315774
0.51800000000000001599 3.6918663737857762008
0.52000000000000001776 3.7071607855353301275
0.52200000000000001954 3.7224685010648879135
0.52400000000000002132 3.7377896779354577994
0.52600000000000002309 3.75312445111559434
0.52800000000000002487 3.7684729341449139106
0.53000000000000002665 3.783835219434477537
0.53200000000000002842 3.799211380782049563
0.5340000000000000302 3.814601482846093905
0.53600000000000003197 3.8300055971910209607
0.53800000000000003375 3.8454238179043369605
0.54000000000000003553 3.8608562683717457809
0.5420000000000000373 3.8763030961328603929
0.54400000000000003908 3.8917644618413698154
0.54600000000000004086 3.9072405347707750423
0.54800000000000004263 3.9227315046322579484
0.55000000000000004441 3.9382376082964078989
0.55200000000000004619 3.9537591600777237666
0.55400000000000004796 3.9692965747651465236
0.55600000000000004974 3.9848503818784268837
0.55800000000000005151 4.0004212372837271161
0.56000000000000005329 4.0160099351620637265
0.56200000000000005507 4.031617411051604094
0.56400000000000005684 4.0472447183145137117
0.56600000000000005862 4.0628929679005025832
0.5680000000000000604 4.0785632398284539235
0.57000000000000006217 4.0942564847676639062
0.57200000000000006395 4.1099734270810293069
0.57400000000000006573 4.125714475723445851
0.5760000000000000675 4.14147966794482425
0.57800000000000006928 4.1572686971948416002
0.58000000000000007105 4.1730810696504052615
0.58200000000000007283 4.188916386089145405
0.58400000000000007461 4.2047747009103302318
0.58600000000000007638 4.2206569020142490345
0.58800000000000007816 4.2365650634215734627
0.59000000000000007994 4.2525027154188084211
0.59200000000000008171 4.2684749695628365629
0.59400000000000008349 4.2844884589980898326
0.59600000000000008527 4.3005510925575078929
0.59800000000000008704 4.3166716345954583289
0.60000000000000008882 4.3328591159162934687
0.60199999999999997957 4.349122090668705809
0.60399999999999998135 4.3654677836848652106
0.60599999999999998312 4.3819011990647629418
0.6079999999999999849 4.3984242845046486181
0.60999999999999998668 4.4150352809548190081
0.61199999999999998845 4.4317284084805379507
0.61399999999999999023 4.4484939930937574815
0.61599999999999999201 4.4653190196663219425
0.61799999999999999378 4.4821879793928145475
0.61999999999999999556 4.499083859625608639
0.62199999999999999734 4.5159892070058225144
0.62399999999999999911 4.5328872801910797818
0.62600000000000000089 4.5497632765330626725
0.62800000000000000266 4.5666054594941325462
0.63000000000000000444 4.5834058699020872041
0.63200000000000000622 4.6001603437608746816
0.63400000000000000799 4.616867810906303049
0.63600000000000000977 4.6335291564149505561
0.63800000000000001155 4.6501460818930384633
0.64000000000000001332 4.6667203162887869183
0.6420000000000000151 4.6832532780666298322
0.64400000000000001688 4.6997460544029534546
0.64600000000000001865 4.7161994714455683919
0.64800000000000002043 4.7326141006939339562
0.6500000000000000222 4.7489901948449668723
0.65200000000000002398 4.7653276548954028868
0.65400000000000002576 4.7816261293820927492
0.65600000000000002753 4.7978852532416382815
0.65800000000000002931 4.8141049280403649391
0.66000000000000003109 4.8302855073350352555
0.66200000000000003286 4.8464278051781528589
0.66400000000000003464 4.8625329494843878564
0.66600000000000003642 4.8786021802764745203
0.66800000000000003819 4.8946366951823998548
0.67000000000000003997 4.9106375810250826319
0.67200000000000004174 4.9266057988086089381
0.67400000000000004352 4.9425421645934415338
0.6760000000000000453 4.9584472985709933113
0.67800000000000004707 4.9743215619679803652
0.68000000000000004885 4.9901650243275570418
0.68200000000000005063 5.005977490804361274
0.6840000000000000524 5.0217585886266924433
0.68600000000000005418 5.0375078867960594309
0.68800000000000005596 5.0532250137905103671
0.69000000000000005773 5.0689097438199590684
0.69200000000000005951 5.0845620381002119004
0.69400000000000006128 5.100182045860109703
0.69600000000000006306 5.1157700809295905131
0.69800000000000006484 5.1313265891347343839
0.70000000000000006661 5.1468521139510015061
0.70200000000000006839 5.1623472614746539477
0.70400000000000007017 5.1778126642072210828
0.70600000000000007194 5.1932489435170419156
0.70800000000000007372 5.2086566704038919084
0.7100000000000000755 5.2240363251004913181
0.71200000000000007727 5.2393882601093340057
0.71400000000000007905 5.2547126758756022014
0.71600000000000008082 5.2700096183471769606
0.7180000000000000826 5.2852790018115447523
0.72000000000000008438 5.3005206525175481147
0.72200000000000008615 5.3157343631807956186
0.72400000000000008793 5.3309199467340615541
0.72600000000000008971 5.346077278848489378
0.72799999999999998046 5.361206322718055084
0.72999999999999998224 5.3763071360088963146
0.73199999999999998401 5.3913798657455309637
0.73399999999999998579 5.40642473813766955
0.73599999999999998757 5.4214420464014416723
0.73799999999999998934 5.4364321349025344077
0.73999999999999999112 5.4513953772948564591
0.74199999999999999289 5.4663321498998840298
0.74399999999999999467 5.4812428052609734053
0.74599999999999999645 5.4961276512194459087
0.74799999999999999822 5.5109869384032856843
0.75 5.5258208561696653405
0.75200000000000000178 5.5406295351994927501
0.75400000000000000355 5.5554130540072605982
0.75600000000000000533 5.5701714466901837142
0.75800000000000000711 5.5849047109047571524
0.76000000000000000888 5.5996128177332344933
0.76200000000000001066 5.6142957262791366446
0.76400000000000001243 5.6289534034822246156
0.76600000000000001421 5.6435858451554414827
0.76800000000000001599 5.6581930917237297507
0.77000000000000001776 5.6727752342311150713
0.77200000000000001954 5.6873324111139789139
0.77400000000000002132 5.7018647996792806154
0.77600000000000002309 5.7163726058490862414
0.77800000000000002487 5.7308560532673222809
0.78000000000000002665 5.7453153715206388696
0.78200000000000002842 5.759750783958748066
0.7840000000000000302 5.7741624966697040477
0.78600000000000003197 5.7885506899127108227
0.78800000000000003375 5.8029155122342830353
0.79000000000000003553 5.8172570771909928311
0.7920000000000000373 5.831575463368388057
0.79400000000000003908 5.8458707187675944539
0.79600000000000004086 5.8601428694409598563
0.79800000000000004263 5.874391930292746089
0.80000000000000004441 5.8886179151909514573
0.80200000000000004619 5.9028208447819041638
0.80400000000000004796 5.9170007523388701287
0.80600000000000004974 5.9311576886758823335
0.80800000000000005151 5.9452917262315416735
0.81000000000000005329 5.9594029612901699977
0.81200000000000005507 5.9734915133868362602
0.81400000000000005684 5.987557522057028514
0.81600000000000005862 6.0016011418715118353
0.8180000000000000604 6.0156225363841961951
0.82000000000000006217 6.029621870957259766
0.82200000000000006395 6.0435993046067970624
0.82400000000000006573 6.0575549820750307362
0.8260000000000000675 6.0714890280343256634
0.82800000000000006928 6.0854015446496037001
0.83000000000000007105 6.0992926121679955642
0.83200000000000007283 6.113162291253513736
0.83400000000000007461 6.1270106262211436743
0.83600000000000007638 6.1408376493542160546
0.83800000000000007816 6.1546433867070735602
0.84000000000000007994 6.1684278648446531079
0.84200000000000008171 6.1821911169525138874
0.84400000000000008349 6.1959331869538569748
0.84600000000000008527 6.2096541316557294365
0.84800000000000008704 6.2233540221037841889
0.85000000000000008882 6.2370329450112746983
0.85200000000000009059 6.250691003671454915
0.85400000000000009237 6.2643283167611381046
0.85600000000000009415 6.2779450140797115054
0.8579999999999999849 6.2915412300251913891
0.85999999999999998668 6.3051170968053185106
0.86199999999999998845 6.3186727389519301568
0.86399999999999999023 6.3322082692631029843
0.86599999999999999201 6.3457237854066983473
0.86799999999999999378 6.3592193669354095675
0.86999999999999999556 6.3726950736651746254
0.87199999999999999734 6.3861509468054835637
0.87399999999999999911 6.3995870132860686041
0.87600000000000000089 6.4130032921915631761
0.87800000000000000266 6.4263998014414340787
0.88000000000000000444 6.4397765633998105272
0.88200000000000000622 6.4531336092304227847
0.88400000000000000799 6.4664709823293939905
0.88600000000000000977 6.4797887407027054962
0.88800000000000001155 6.4930869575491172441
0.89000000000000001332 6.5063657196070643352
0.8920000000000000151 6.5196251240488871659
0.89400000000000001688 6.5328652753593470237
0.89600000000000001865 6.5460862827706263189
0.89800000000000002043 6.5592882575176503224
0.9000000000000000222 6.5724713089855839598
0.90200000000000002398 6.5856355399228103664
0.90400000000000002576 6.5987810421797963301
0.90600000000000002753 6.6119078939709261533
0.90800000000000002931 6.6250161582241871017
0.91000000000000003109 6.6381058815861697653
0.91200000000000003286 6.6511770946260355686
0.91400000000000003464 6.6642298143147788991
0.91600000000000003642 6.6772640493875377032
0.91800000000000003819 6.6902798072692437614
0.92000000000000003997 6.7032771001458586468
0.92200000000000004174 6.7162559492339228839
0.92400000000000004352 6.729216387728527593
0.9260000000000000453 6.7421584629792237209
0.92800000000000004707 6.7550822379655475203
0.93000000000000004885 6.767987791187652924
0.93200000000000005063 6.780875214013039276
0.9340000000000000524 6.7937446060444646179
0.93600000000000005418 6.8065960699826071334
0.93800000000000005596 6.819429707080506553
0.94000000000000005773 6.8322456136368954205
0.94200000000000005951 6.8450438780442608433
0.94400000000000006128 6.857824577528012
0.94600000000000006306 6.8705877748405068672
0.94800000000000006484 6.8833335162016702213
0.95000000000000006661 6.8960618315658557265
0.95200000000000006839 6.9087727375180669753
0.95400000000000007017 6.9214662420368284756
0.95600000000000007194 6.9341423495665646115
0.95800000000000007372 6.9468010654351051159
0.9600000000000000755 6.9594423997742840271
0.96200000000000007727 6.9720663713476831447
0.96400000000000007905 6.9846730112707824389
0.96600000000000008082 6.9972623659903137039
0.9680000000000000826 7.0098344983127862662
0.97000000000000008438 7.0223894856558652933
0.97200000000000008615 7.0349274159509151971
0.97400000000000008793 7.0474483824259532838
0.97600000000000008971 7.0599524784284470869
0.97800000000000009148 7.0724397929921272166
0.98000000000000009326 7.0849104071751183298
0.98200000000000009504 7.0973643908275017012
0.98399999999999998579 7.1098017999011329238
0.98599999999999998757 7.1222226750152684005
0.98799999999999998934 7.134627041930354352
0.98999999999999999112 7.147014914127250762
0.99199999999999999289 7.1593862971382655758
0.99399999999999999467 7.1717411936913517678
0.99599999999999999645 7.1840796086134748322
0.99799999999999999822 7.1964015529512508351
1 7.2087070471937595428
