500.000000
-1 1.537159458773543097
-0.99799999999999999822 1.5392141018535876462
-0.99599999999999999645 1.5412719825904612758
-0.99399999999999999467 1.5433317479402766104
-0.99199999999999999289 1.545392390331202126
-0.98999999999999999112 1.547453362422448464
-0.98799999999999998934 1.5495146868016418384
-0.98599999999999998757 1.5515770419698196037
-0.98399999999999998579 1.5536417365639831889
-0.98199999999999998401 1.5557105318439217179
-0.97999999999999998224 1.5577853812518107635
-0.97799999999999998046 1.5598681644959979664
-0.97599999999999997868 1.5619604764239243266
-0.97399999999999997691 1.5640635241994804705
-0.97199999999999997513 1.5661780945600602966
-0.96999999999999997335 1.5683044792024243286
-0.96799999999999997158 1.570442356567374631
-0.9659999999999999698 1.5725907240506757923
-0.96399999999999996803 1.5747479558320853776
-0.96199999999999996625 1.5769120249428136837
-0.95999999999999996447 1.5790808684068637913
-0.9579999999999999627 1.5812527163879450676
-0.95599999999999996092 1.5834262507472569581
-0.95399999999999995914 1.5856006316868582751
-0.95199999999999995737 1.5877754980034817223
-0.94999999999999995559 1.5899509900493211667
-0.94799999999999995381 1.5921278509969831738
-0.94599999999999995204 1.5943074892938340348
-0.94399999999999995026 1.5964918388298094953
-0.94199999999999994849 1.5986830321080516271
-0.93999999999999994671 1.6008830697332965265
-0.93799999999999994493 1.6030935693639243311
-0.93599999999999994316 1.6053157051109836484
-0.9340000000000000524 1.6075502794245728477
-0.93200000000000005063 1.6097977284317235291
-0.93000000000000004885 1.6120579779148496158
-0.92800000000000004707 1.6143303276114502331
-0.9260000000000000453 1.616613418969435223
-0.92400000000000004352 1.6189053937045336795
-0.92200000000000004174 1.6212042299467332995
-0.92000000000000003997 1.6235080420692933334
-0.91800000000000003819 1.6258151770844293527
-0.91600000000000003642 1.6281242933421471442
-0.91400000000000003464 1.6304344748476173876
-0.91200000000000003286 1.6327454473383158362
-0.91000000000000003109 1.6350578126281434255
-0.90800000000000002931 1.6373730278675737715
-0.90600000000000002753 1.6396930354477290415
-0.90400000000000002576 1.6420199123348118153
-0.90200000000000002398 1.6443556519117887849
-0.9000000000000000222 1.6467020823947962072
-0.89800000000000002043 1.6490607845886311456
-0.89600000000000001865 1.6514329021674245546
-0.89400000000000001688 1.6538189506524672012
-0.8920000000000000151 1.6562188769624412998
-0.89000000000000001332 1.65863223349323885
-0.88800000000000001155 1.6610582809934855142
-0.88600000000000000977 1.6634959306094074805
-0.88400000000000000799 1.6659436627185506552
-0.88200000000000000622 1.6683996120242081673
-0.88000000000000000444 1.670861845628768938
-0.87800000000000000266 1.6733286439652679256
-0.87600000000000000089 1.6757986685024601758
-0.87399999999999999911 1.6782710578712765059
-0.87199999999999999734 1.6807455622748936896
-0.86999999999999999556 1.6832227228022482723
-0.86799999999999999378 1.6857039596389198355
-0.86599999999999999201 1.6881914225389611506
-0.86399999999999999023 1.6906876133598991441
-0.86199999999999998845 1.6931949644333204041
-0.85999999999999998668 1.695715572219663958
-0.8579999999999999849 1.6982511228121563995
-0.85599999999999998312 1.7008028635577399079
-0.85399999999999998135 1.7033714660856749123
-0.85199999999999997957 1.7059568063351866485
-0.8499999999999999778 1.7085578587099308212
-0.84799999999999997602 1.7111728681627620396
-0.84599999999999997424 1.7137997438508316694
-0.84399999999999997247 1.7164364316172107117
-0.84199999999999997069 1.7190810687184625571
-0.83999999999999996891 1.7217319582468382233
-0.83799999999999996714 1.7243875761481379794
-0.83599999999999996536 1.7270467620661420494
-0.83399999999999996358 1.7297090212018564337
-0.83199999999999996181 1.7323747207057358377
-0.82999999999999996003 1.7350450506737871148
-0.82799999999999995826 1.7377218289242326588
-0.82599999999999995648 1.740407324895279384
-0.8239999999999999547 1.7431041649284539918
-0.82199999999999995293 1.7458152021300510359
-0.81999999999999995115 1.7485432102543467803
-0.81799999999999994937 1.7512904330115299789
-0.8159999999999999476 1.7540581951595146659
-0.81399999999999994582 1.7568467584613367549
-0.81199999999999994404 1.7596554090867229103
-0.80999999999999994227 1.7624826150799266511
-0.80800000000000005151 1.7653261495771677136
-0.80600000000000004974 1.768183239337628887
-0.80400000000000004796 1.7710508449154300781
-0.80200000000000004619 1.7739260443260629341
-0.80000000000000004441 1.7768063534121423253
-0.79800000000000004263 1.7796898711392123982
-0.79600000000000004086 1.782575341807270064
-0.79400000000000003908 1.7854623265341487137
-0.7920000000000000373 1.7883515232674540574
-0.79000000000000003553 1.7912450210812731477
-0.78800000000000003375 1.7941462180961820216
-0.78600000000000003197 1.7970593622968342729
-0.7840000000000000302 1.7999889484549611574
-0.78200000000000002842 1.8029392292840129564
-0.78000000000000002665 1.805913880243319225
-0.77800000000000002487 1.8089156830857642255
-0.77600000000000002309 1.8119461714731988078
-0.77400000000000002132 1.8150053709782192346
-0.77200000000000001954 1.8180917703471373148
-0.77000000000000001776 1.8212024503688928334
-0.76800000000000001599 1.8243331764773706993
-0.76600000000000001421 1.8274784655946845202
-0.76400000000000001243 1.8306319527094845334
-0.76200000000000001066 1.8337873480624717892
-0.76000000000000000888 1.836939788413092467
-0.75800000000000000711 1.8400869187061363874
-0.75600000000000000533 1.8432291349371290323
-0.75400000000000000355 1.8463690357936914932
-0.75200000000000000178 1.8495106661482878518
-0.75 1.8526590913084697299
-0.74799999999999999822 1.8558203502863672707
-0.74599999999999999645 1.8590014456735173276
-0.74399999999999999467 1.862210043944501292
-0.74199999999999999289 1.8654537963279078649
-0.73999999999999999112 1.8687393549290822747
-0.73799999999999998934 1.872071243151424591
-0.73599999999999998757 1.8754508821217321657
-0.73399999999999998579 1.8788761838212746369
-0.73199999999999998401 1.8823419142134776294
-0.72999999999999998224 1.8858405199452354939
-0.72799999999999998046 1.8893628027650002377
-0.72599999999999997868 1.8928981646264184668
-0.72399999999999997691 1.8964348639805064245
-0.72199999999999997513 1.8999610243359574824
-0.71999999999999997335 1.9034666414758423247
-0.71799999999999997158 1.9069460350250053704
-0.7159999999999999698 1.9103998310669692007
-0.71399999999999996803 1.9138357868267852346
-0.71199999999999996625 1.9172681547402214974
-0.70999999999999996447 1.9207155974703549184
-0.7079999999999999627 1.9241980766793906898
-0.70599999999999996092 1.9277336450331046258
-0.70399999999999995914 1.9313361824221877416
-0.70199999999999995737 1.9350145007196846159
-0.69999999999999995559 1.9387723801934488854
-0.69799999999999995381 1.9426088238732359681
-0.69599999999999995204 1.9465182274126753281
-0.69399999999999995026 1.9504905399575416247
-0.69199999999999994849 1.9545114000168324342
-0.68999999999999994671 1.9585621700464010964
-0.68799999999999994493 1.9626203373157227183
-0.68599999999999994316 1.9666614112970586259
-0.68399999999999994138 1.9706631310447966232
-0.6819999999999999396 1.9746113245379015577
-0.67999999999999993783 1.9785052946631425108
-0.67800000000000004707 1.9823602952310432901
-0.6760000000000000453 1.9862055540156371425
-0.67400000000000004352 1.9900779403723851679
-0.67200000000000004174 1.9940135058358274822
-0.67000000000000003997 1.9980409400458463143
-0.66800000000000003819 2.0021805206248752818
-0.66600000000000003642 2.0064482058564303557
-0.66400000000000003464 2.0108594921652240828
-0.66200000000000003286 2.0154265843934360269
-0.66000000000000003109 2.0201478763860110099
-0.65800000000000002931 2.0249969472816378158
-0.65600000000000002753 2.029921752400110968
-0.65400000000000002576 2.034859212486215263
-0.65200000000000002398 2.0397594091863111565
-0.6500000000000000222 2.0446056034226334219
-0.64800000000000002043 2.0494179343355853895
-0.64600000000000001865 2.0542393777557039769
-0.64400000000000001688 2.0591148828980956331
-0.6420000000000000151 2.0640792011827744368
-0.64000000000000001332 2.0691612432779753483
-0.63800000000000001155 2.0743973556591925878
-0.63600000000000000977 2.0798340138627744444
-0.63400000000000000799 2.0855023632990032922
-0.63200000000000000622 2.0913644230581622807
-0.63000000000000000444 2.0972540416387177586
-0.62800000000000000266 2.1028485603499298406
-0.62600000000000000089 2.1076971799176433819
-0.62399999999999999911 2.1113019055779917998
-0.62199999999999999734 2.1132163907363983313
-0.61999999999999999556 2.1131204543169790355
-0.61799999999999999378 2.1108496038814972273
-0.61599999999999999201 2.1063903277417330706
-0.61399999999999999023 2.0998663153994692188
-0.61199999999999998845 2.0915298379054867439
-0.60999999999999998668 2.0817520435243253019
-0.6079999999999999849 2.0709970690183809872
-0.60599999999999998312 2.0597742909531469024
-0.60399999999999998135 2.0485795540213356247
-0.60199999999999997957 2.0378437000185267713
-0.5999999999999999778 2.0278999880845027803
-0.59799999999999997602 2.0189703421243150316
-0.59599999999999997424 2.0111651673633117454
-0.59399999999999997247 2.0044932224912184182
-0.59199999999999997069 1.9988791363220577146
-0.58999999999999996891 1.9941843996849926146
-0.58799999999999996714 1.9902285996238109345
-0.58599999999999996536 1.9868117522073938108
-0.58399999999999996358 1.9837385237723512699
-0.58199999999999996181 1.9808401815238296795
-0.57999999999999996003 1.9779889281611491292
-0.57799999999999995826 1.9751041857297502169
-0.57599999999999995648 1.972153126774526033
-0.5739999999999999547 1.969144928569998898
-0.57199999999999995293 1.9661172320340440933
-0.56999999999999995115 1.9631183463073673678
-0.56799999999999994937 1.9601928884950905463
-0.5659999999999999476 1.9573750934927001133
-0.56399999999999994582 1.9546873030045959219
-0.56199999999999994404 1.9521395127229088651
-0.55999999999999994227 1.9497294596621528306
-0.55799999999999994049 1.9474450099219122734
-0.55599999999999993872 1.9452688414030501196
-0.55399999999999993694 1.9431829369170841026
-0.55200000000000004619 1.9411707349386271293
-0.55000000000000004441 1.9392172103903404512
-0.54800000000000004263 1.9373087056471278711
-0.54600000000000004086 1.9354337597236237478
-0.54400000000000003908 1.9335844726276829597
-0.5420000000000000373 1.9317569544996280317
-0.54000000000000003553 1.9299499857789998991
-0.53800000000000003375 1.9281626310731847518
-0.53600000000000003197 1.9263925472557728025
-0.5340000000000000302 1.9246360389760432952
-0.53200000000000002842 1.9228894770350484222
-0.53000000000000002665 1.9211508598579336571
-0.52800000000000002487 1.9194204625329460701
-0.52600000000000002309 1.9177002947969621349
-0.52400000000000002132 1.9159930002372091984
-0.52200000000000001954 1.9143012174053128938
-0.52000000000000001776 1.9126276649841518207
-0.51800000000000001599 1.9109752724043660432
-0.51600000000000001421 1.9093468873318419909
-0.51400000000000001243 1.9077446773621773435
-0.51200000000000001066 1.9061692896799733443
-0.51000000000000000888 1.9046188691058936193
-0.50800000000000000711 1.9030886500555519447
-0.50600000000000000533 1.9015717043761655169
-0.50400000000000000355 1.9000602873819223415
-0.50200000000000000178 1.8985469082059802659
-0.5 1.8970250221989519712
-0.49799999999999999822 1.8954895598590564276
-0.49599999999999999645 1.8939371588661468859
-0.49399999999999999467 1.8923660548645993007
-0.49199999999999999289 1.8907761006226841971
-0.48999999999999999112 1.8891692221783473737
-0.48799999999999998934 1.8875498418646312615
-0.48599999999999998757 1.8859247621216193025
-0.48399999999999998579 1.8843026308858326079
-0.48199999999999998401 1.8826932992017946233
-0.47999999999999998224 1.8811069691064292719
-0.47799999999999998046 1.8795529111414968071
-0.47599999999999997868 1.8780381365585590014
-0.47399999999999997691 1.8765666956777027341
-0.47199999999999997513 1.8751395501719219094
-0.46999999999999997335 1.8737545719000741062
-0.46799999999999997158 1.8724066825385192736
-0.4659999999999999698 1.8710884101989231354
-0.46399999999999996803 1.869790759623590759
-0.46199999999999996625 1.8685039528380491536
-0.45999999999999996447 1.8672179238302055726
-0.4579999999999999627 1.8659229235829801752
-0.45599999999999996092 1.8646103343146192
-0.45400000000000001465 1.8632733299123835913
-0.45200000000000001288 1.8619071810180500837
-0.4500000000000000111 1.8605094174351104463
-0.44800000000000000933 1.859080100697033
-0.44600000000000000755 1.8576220558928100424
-0.44400000000000000577 1.8561406238135633728
-0.442000000000000004 1.854642910531288047
-0.44000000000000000222 1.8531369876226753135
-0.43800000000000000044 1.8516313301508029454
-0.43599999999999999867 1.8501342820200719075
-0.43399999999999999689 1.8486534866158930157
-0.43199999999999999512 1.8471951595504205734
-0.42999999999999999334 1.8457636437414448594
-0.42799999999999999156 1.8443615337483916239
-0.42599999999999998979 1.8429900824576634921
-0.42399999999999998801 1.8416494945414967344
-0.42199999999999998623 1.8403390999349424906
-0.41999999999999998446 1.839057536268810189
-0.41799999999999998268 1.8378028591619961496
-0.4159999999999999809 1.8365723647380278738
-0.41399999999999997913 1.835362159590797404
-0.41199999999999997735 1.8341668925035059523
-0.40999999999999997558 1.8329800510181306628
-0.4079999999999999738 1.8317947795638673814
-0.40599999999999997202 1.8306048471396854094
-0.40399999999999997025 1.8294054252314706499
-0.40199999999999996847 1.8281935166480007826
-0.39999999999999996669 1.8269680706256026248
-0.39799999999999996492 1.8257298780529565008
-0.39599999999999996314 1.8244811401819616137
-0.39399999999999996136 1.8232248513676778678
-0.3920000000000000151 1.8219641515671662901
-0.39000000000000001332 1.8207020345275974904
-0.38800000000000001155 1.8194414654145356636
-0.38600000000000000977 1.8181855236071760018
-0.38400000000000000799 1.8169371842661192762
-0.38200000000000000622 1.8156988000830662777
-0.38000000000000000444 1.8144716622520826732
-0.37800000000000000266 1.8132558886972907075
-0.37600000000000000089 1.8120505643927400374
-0.37399999999999999911 1.8108539819760907097
-0.37199999999999999734 1.8096639143219650503
-0.36999999999999999556 1.8084779062050682086
-0.36799999999999999378 1.8072935655367494689
-0.36599999999999999201 1.8061087860766957824
-0.36399999999999999023 1.8049217979343166185
-0.36199999999999998845 1.8037310797701204823
-0.35999999999999998668 1.8025354143580165633
-0.3579999999999999849 1.8013342839993680133
-0.35599999999999998312 1.8001283944790749114
-0.35399999999999998135 1.7989201225168951481
-0.35199999999999997957 1.7977135652716038638
-0.3499999999999999778 1.7965142696199998262
-0.34799999999999997602 1.7953288441523698182
-0.34599999999999997424 1.794164615247755945
-0.34399999999999997247 1.7930293614617318632
-0.34199999999999997069 1.7919309808020666974
-0.33999999999999996891 1.7908769400887776246
-0.33799999999999996714 1.7898735144456496826
-0.33599999999999996536 1.7889249499652342124
-0.33399999999999996358 1.7880327174870749296
-0.33199999999999996181 1.7871949534852471508
-0.32999999999999996003 1.7864062988845679225
-0.32799999999999995826 1.7856584299861057996
-0.32600000000000001199 1.7849412881171669021
-0.32400000000000001021 1.7842446509203866434
-0.32200000000000000844 1.7835595500430103666
-0.32000000000000000666 1.7828789996833842579
-0.31800000000000000488 1.7821976918805129131
-0.31600000000000000311 1.7815108815078120053
-0.31400000000000000133 1.7808133514367625594
-0.31199999999999999956 1.7800991818586247017
-0.30999999999999999778 1.7793628002802830412
-0.307999999999999996 1.7786009977218508737
-0.30599999999999999423 1.7778149786828845169
-0.30399999999999999245 1.7770113735813946043
-0.30199999999999999067 1.7762014894905040485
-0.2999999999999999889 1.7753988123673223321
-0.29799999999999998712 1.7746153359784497816
-0.29599999999999998535 1.7738579135885794713
-0.29399999999999998357 1.7731258519982671107
-0.29199999999999998179 1.7724107992999988959
-0.28999999999999998002 1.7716995140026827738
-0.28799999999999997824 1.7709789094517625063
-0.28599999999999997646 1.7702417641548038318
-0.28399999999999997469 1.7694910432398180955
-0.28199999999999997291 1.7687411526561767072
-0.27999999999999997113 1.7680154117315589613
-0.27799999999999996936 1.7673403368870546082
-0.27599999999999996758 1.7667383688150897214
-0.27399999999999996581 1.7662212749967709513
-0.27199999999999996403 1.7657859552222743282
-0.26999999999999996225 1.7654138357504101098
-0.26799999999999996048 1.765074133752543295
-0.2659999999999999587 1.7647303214468543775
-0.26400000000000001243 1.7643482351685846332
-0.26200000000000001066 1.7639037526211320817
-0.26000000000000000888 1.763387958035901093
-0.25800000000000000711 1.7628087716802740559
-0.25600000000000000533 1.7621881299902437679
-0.25400000000000000355 1.7615556107905461225
-0.25200000000000000178 1.7609407102521723587
-0.24999999999999997224 1.7603654555386918368
-0.24799999999999999822 1.7598394688425813559
-0.24599999999999999645 1.7593585738675183716
-0.24399999999999999467 1.7589070900068981551
-0.24199999999999999289 1.7584631063979996313
-0.23999999999999999112 1.7580052162311312625
-0.23799999999999998934 1.7575186906411577326
-0.23599999999999998757 1.7569992879977267553
-0.23399999999999998579 1.7564537325886733221
-0.23199999999999998401 1.7558967480145102336
-0.22999999999999998224 1.7553456351130396484
-0.22799999999999998046 1.7548139828479301094
-0.22599999999999997868 1.7543065109509816679
-0.22399999999999997691 1.753816782930888607
-0.22199999999999997513 1.753328774813893709
-0.21999999999999997335 1.7528218793831280564
-0.21799999999999997158 1.7522782079498200325
-0.2159999999999999698 1.7516897155834110222
-0.21399999999999999578 1.7510627638788496263
-0.211999999999999994 1.7504181140233168179
-0.20999999999999999223 1.7497862011458251708
-0.20799999999999999045 1.7491987542949534173
-0.20599999999999998868 1.7486797576208301663
-0.2039999999999999869 1.74823861012764592
-0.20199999999999998512 1.7478677774161446301
-0.19999999999999998335 1.7475455793839578256
-0.19799999999999998157 1.7472429845847874397
-0.19599999999999997979 1.7469320060636177594
-0.19399999999999997802 1.7465929419647432397
-0.19199999999999997624 1.7462182740500755695
-0.18999999999999997446 1.7458125112694675707
-0.18799999999999997269 1.7453885544830929355
-0.18599999999999997091 1.7449621730101516626
-0.18399999999999999689 1.7445464602702926982
-0.18199999999999999512 1.7441479641801864719
-0.17999999999999999334 1.7437654379090106183
-0.17799999999999999156 1.7433897083442571052
-0.17599999999999998979 1.7430071501299957415
-0.17399999999999998801 1.742604448614522461
-0.17199999999999998623 1.7421718305809457128
-0.16999999999999998446 1.7417067578051694809
-0.16799999999999998268 1.7412156125613569291
-0.1659999999999999809 1.7407137042802991456
-0.16399999999999997913 1.7402234287372098098
-0.16199999999999997735 1.7397706832444106428
-0.15999999999999997558 1.7393800114181126037
-0.1579999999999999738 1.739069515262069654
-0.15599999999999997202 1.7388467310538904265
-0.15399999999999997025 1.7387064489074468554
-0.15199999999999996847 1.7386309685307652639
-0.14999999999999999445 1.7385928575708544663
-0.14799999999999999267 1.7385596257560096412
-0.1459999999999999909 1.738499299778449636
-0.14399999999999998912 1.7383856330209752628
-0.14199999999999998734 1.7382020715523722743
-0.13999999999999998557 1.7379435795681075216
-0.13799999999999998379 1.7376165681237010219
-0.13599999999999998201 1.7372365928389434941
-0.13399999999999998024 1.7368240943318560277
-0.13199999999999997846 1.7364006530396185468
-0.12999999999999997669 1.7359850650087087498
-0.12799999999999997491 1.7355906888922747466
-0.12599999999999997313 1.7352243445993229543
-0.12399999999999998523 1.7348867058535439867
-0.12199999999999998346 1.7345739159778776894
-0.11999999999999998168 1.7342798110806008083
-0.1179999999999999799 1.7339981558312707044
-0.11599999999999997813 1.7337244148182326953
-0.11399999999999997635 1.7334565694970509586
-0.11199999999999998845 1.7331948734066595641
-0.10999999999999998668 1.7329410094938439979
-0.1079999999999999849 1.7326971012812850681
-0.10599999999999998312 1.7324649551876034614
-0.10399999999999998135 1.7322456414958393722
-0.10199999999999997957 1.7320396061025693513
-0.099999999999999977796 1.7318446629824872929
-0.097999999999999976019 1.7316627632969043837
-0.095999999999999974243 1.7314956499123499434
-0.093999999999999986344 1.7313393922409869852
-0.091999999999999984568 1.7311908573239487286
-0.089999999999999982792 1.7310451255622627542
-0.087999999999999981015 1.7308957562026936472
-0.085999999999999979239 1.7307360024632996165
-0.083999999999999977462 1.7305605941903721146
-0.081999999999999975686 1.7303675217480281034
-0.079999999999999987788 1.7301591860326182015
-0.077999999999999986011 1.7299424386166264433
-0.075999999999999984235 1.7297274502695865195
-0.073999999999999982458 1.7295256415105493275
-0.071999999999999980682 1.7293471349201225973
-0.069999999999999978906 1.7291985086877179612
-0.067999999999999977129 1.7290814913004581843
-0.065999999999999975353 1.7289928916274890369
-0.063999999999999973577 1.728925599297712834
-0.061999999999999978739 1.7288703906559872436
-0.059999999999999983902 1.7288125197959089974
-0.057999999999999982125 1.7287495570052648919
-0.055999999999999980349 1.728681710699751406
-0.053999999999999978573 1.7286014516939776087
-0.051999999999999976796 1.7285092671689459287
-0.049999999999999981959 1.72840760766833057
-0.047999999999999980183 1.7282998627365886435
-0.045999999999999978406 1.7281895142180876412
-0.043999999999999983569 1.7280795094043732707
-0.041999999999999981792 1.7279719377628726118
-0.039999999999999980016 1.7278679271876660195
-0.03799999999999997824 1.7277678737813044751
-0.035999999999999976463 1.7276719803889490912
-0.033999999999999981626 1.7275806708892214036
-0.031999999999999979849 1.7274947101078015343
-0.029999999999999978073 1.7274151364738727921
-0.027999999999999979766 1.7273429530989601322
-0.025999999999999981459 1.7272788024470473456
-0.023999999999999979683 1.7272229239824878899
-0.021999999999999977907 1.7271752323312639099
-0.0199999999999999796 1.727127065525207783
-0.017999999999999981293 1.7270838795012912747
-0.015999999999999979516 1.7270505326045291206
-0.013999999999999979475 1.7270188538799229327
-0.011999999999999979433 1.7269926004647686568
-0.0099999999999999793915 1.7269879341409832829
-0.0079999999999999793499 1.7270400946638848616
-0.0059999999999999793082 1.7270661751560236752
-0.0039999999999999792666 1.7265399253340998342
-0.001999999999999979225 1.7251109573136420572
2.0816681711721685133e-17 1.7242227208180600506
0.0020000000000000208583 1.7251109573136420572
0.0040000000000000208999 1.7265399253340998342
0.0060000000000000209416 1.7270661751560236752
0.0080000000000000209832 1.7270400946638848616
0.010000000000000021025 1.7269879341409832829
0.012000000000000021066 1.7269926004647686568
0.014000000000000021108 1.7270188538799229327
0.01600000000000002115 1.7270505326045291206
0.018000000000000022926 1.7270838795012912747
0.020000000000000021233 1.727127065525207783
0.02200000000000001954 1.7271752323312639099
0.024000000000000021316 1.7272229239824878899
0.026000000000000023093 1.7272788024470473456
0.0280000000000000214 1.7273429530989601322
0.030000000000000019706 1.7274151364738727921
0.032000000000000021483 1.7274947101078015343
0.034000000000000023259 1.7275806708892214036
0.036000000000000018097 1.7276719803889490912
0.038000000000000019873 1.7277678737813044751
0.040000000000000021649 1.7278679271876660195
0.042000000000000023426 1.7279719377628726118
0.044000000000000025202 1.7280795094043732707
0.04600000000000002004 1.7281895142180876412
0.048000000000000021816 1.7282998627365886435
0.050000000000000023592 1.72840760766833057
0.05200000000000001843 1.7285092671689459287
0.054000000000000020206 1.7286014516939776087
0.056000000000000021982 1.728681710699751406
0.058000000000000023759 1.7287495570052648919
0.060000000000000025535 1.7288125197959089974
0.062000000000000020373 1.7288703906559872436
0.064000000000000029088 1.728925599297712834
0.066000000000000016986 1.7289928916274890369
0.068000000000000018763 1.7290814913004581843
0.070000000000000020539 1.7291985086877179612
0.072000000000000022315 1.7293471349201225973
0.074000000000000024092 1.7295256415105493275
0.076000000000000025868 1.7297274502695865195
0.078000000000000027645 1.7299424386166264433
0.080000000000000015543 1.7301591860326182015
0.082000000000000017319 1.7303675217480281034
0.084000000000000019096 1.7305605941903721146
0.086000000000000020872 1.7307360024632996165
0.088000000000000022649 1.7308957562026936472
0.090000000000000024425 1.7310451255622627542
0.092000000000000026201 1.7311908573239487286
0.094000000000000027978 1.7313393922409869852
0.096000000000000029754 1.7314956499123499434
0.098000000000000017653 1.7316627632969043837
0.10000000000000001943 1.7318446629824872929
0.10200000000000002121 1.7320396061025693513
0.10400000000000002298 1.7322456414958393722
0.10600000000000002476 1.7324649551876034614
0.10800000000000002653 1.7326971012812850681
0.11000000000000002831 1.7329410094938439979
0.11200000000000001621 1.7331948734066595641
0.11400000000000001799 1.7334565694970509586
0.11600000000000001976 1.7337244148182326953
0.11800000000000002154 1.7339981558312707044
0.12000000000000002331 1.7342798110806008083
0.12200000000000002509 1.7345739159778776894
0.12400000000000002687 1.7348867058535439867
0.12600000000000002864 1.7352243445993229543
0.12800000000000003042 1.7355906888922747466
0.1300000000000000322 1.7359850650087087498
0.13200000000000003397 1.7364006530396185468
0.13400000000000003575 1.7368240943318560277
0.13600000000000000977 1.7372365928389434941
0.13800000000000001155 1.7376165681237010219
0.14000000000000001332 1.7379435795681075216
0.1420000000000000151 1.7382020715523722743
0.14400000000000001688 1.7383856330209752628
0.14600000000000001865 1.738499299778449636
0.14800000000000002043 1.7385596257560096412
0.1500000000000000222 1.7385928575708544663
0.15200000000000002398 1.7386309685307652639
0.15400000000000002576 1.7387064489074468554
0.15600000000000002753 1.7388467310538904265
0.15800000000000002931 1.739069515262069654
0.16000000000000003109 1.7393800114181126037
0.16200000000000003286 1.7397706832444106428
0.16400000000000003464 1.7402234287372098098
0.16600000000000003642 1.7407137042802991456
0.16800000000000003819 1.7412156125613569291
0.17000000000000001221 1.7417067578051694809
0.17200000000000001399 1.7421718305809457128
0.17400000000000001577 1.742604448614522461
0.17600000000000001754 1.7430071501299957415
0.17800000000000001932 1.7433897083442571052
0.18000000000000002109 1.7437654379090106183
0.18200000000000002287 1.7441479641801864719
0.18400000000000002465 1.7445464602702926982
0.18600000000000002642 1.7449621730101516626
0.1880000000000000282 1.7453885544830929355
0.19000000000000002998 1.7458125112694675707
0.19200000000000003175 1.7462182740500755695
0.19400000000000003353 1.7465929419647432397
0.19600000000000003531 1.7469320060636177594
0.19800000000000003708 1.7472429845847874397
0.2000000000000000111 1.7475455793839578256
0.20200000000000001288 1.7478677774161446301
0.20400000000000001465 1.74823861012764592
0.20600000000000001643 1.7486797576208301663
0.20800000000000001821 1.7491987542949534173
0.21000000000000001998 1.7497862011458251708
0.21200000000000002176 1.7504181140233168179
0.21400000000000002354 1.7510627638788496263
0.21600000000000002531 1.7516897155834110222
0.21800000000000002709 1.7522782079498200325
0.22000000000000002887 1.7528218793831280564
0.22200000000000003064 1.753328774813893709
0.22400000000000003242 1.753816782930888607
0.22600000000000003419 1.7543065109509816679
0.22800000000000003597 1.7548139828479301094
0.23000000000000003775 1.7553456351130396484
0.23200000000000003952 1.7558967480145102336
0.23400000000000001354 1.7564537325886733221
0.23600000000000001532 1.7569992879977267553
0.2380000000000000171 1.7575186906411577326
0.24000000000000001887 1.7580052162311312625
0.24200000000000002065 1.7584631063979996313
0.24400000000000002243 1.7589070900068981551
0.2460000000000000242 1.7593585738675183716
0.24800000000000002598 1.7598394688425813559
0.25 1.7603654555386918368
0.25200000000000000178 1.7609407102521723587
0.25400000000000000355 1.7615556107905461225
0.25600000000000000533 1.7621881299902437679
0.25800000000000000711 1.7628087716802740559
0.26000000000000000888 1.763387958035901093
0.26200000000000001066 1.7639037526211320817
0.26400000000000001243 1.7643482351685846332
0.26600000000000001421 1.7647303214468543775
0.26800000000000001599 1.765074133752543295
0.27000000000000001776 1.7654138357504101098
0.27200000000000001954 1.7657859552222743282
0.27400000000000002132 1.7662212749967709513
0.27600000000000002309 1.7667383688150897214
0.27800000000000002487 1.7673403368870546082
0.28000000000000002665 1.7680154117315589613
0.28200000000000002842 1.7687411526561767072
0.2840000000000000302 1.7694910432398180955
0.28600000000000003197 1.7702417641548038318
0.28800000000000003375 1.7709789094517625063
0.29000000000000003553 1.7716995140026827738
0.2920000000000000373 1.7724107992999988959
0.29400000000000003908 1.7731258519982671107
0.29600000000000004086 1.7738579135885794713
0.29800000000000004263 1.7746153359784497816
0.30000000000000004441 1.7753988123673223321
0.30200000000000004619 1.7762014894905040485
0.30400000000000004796 1.7770113735813946043
0.30600000000000004974 1.7778149786828845169
0.30800000000000005151 1.7786009977218508737
0.31000000000000005329 1.7793628002802830412
0.31200000000000005507 1.7800991818586247017
0.31400000000000000133 1.7808133514367625594
0.31600000000000000311 1.7815108815078120053
0.31800000000000000488 1.7821976918805129131
0.32000000000000000666 1.7828789996833842579
0.32200000000000000844 1.7835595500430103666
0.32400000000000001021 1.7842446509203866434
0.32600000000000001199 1.7849412881171669021
0.32800000000000001377 1.7856584299861057996
0.33000000000000001554 1.7864062988845679225
0.33200000000000001732 1.7871949534852471508
0.3340000000000000191 1.7880327174870749296
0.33600000000000002087 1.7889249499652342124
0.33800000000000002265 1.7898735144456496826
0.34000000000000002442 1.7908769400887776246
0.3420000000000000262 1.7919309808020666974
0.34400000000000002798 1.7930293614617318632
0.34600000000000002975 1.794164615247755945
0.34800000000000003153 1.7953288441523698182
0.35000000000000003331 1.7965142696199998262
0.35200000000000003508 1.7977135652716038638
0.35400000000000003686 1.7989201225168951481
0.35600000000000003864 1.8001283944790749114
0.35800000000000004041 1.8013342839993680133
0.36000000000000004219 1.8025354143580165633
0.36200000000000004396 1.8037310797701204823
0.36400000000000004574 1.8049217979343166185
0.36600000000000004752 1.8061087860766957824
0.36800000000000004929 1.8072935655367494689
0.37000000000000005107 1.8084779062050682086
0.37200000000000005285 1.8096639143219650503
0.37400000000000005462 1.8108539819760907097
0.37600000000000000089 1.8120505643927400374
0.37800000000000000266 1.8132558886972907075
0.38000000000000000444 1.8144716622520826732
0.38200000000000000622 1.8156988000830662777
0.38400000000000000799 1.8169371842661192762
0.38600000000000000977 1.8181855236071760018
0.38800000000000001155 1.8194414654145356636
0.39000000000000001332 1.8207020345275974904
0.3920000000000000151 1.8219641515671662901
0.39400000000000001688 1.8232248513676778678
0.39600000000000001865 1.8244811401819616137
0.39800000000000002043 1.8257298780529565008
0.4000000000000000222 1.8269680706256026248
0.40200000000000002398 1.8281935166480007826
0.40400000000000002576 1.8294054252314706499
0.40600000000000002753 1.8306048471396854094
0.40800000000000002931 1.8317947795638673814
0.41000000000000003109 1.8329800510181306628
0.41200000000000003286 1.8341668925035059523
0.41400000000000003464 1.835362159590797404
0.41600000000000003642 1.8365723647380278738
0.41800000000000003819 1.8378028591619961496
0.42000000000000003997 1.839057536268810189
0.42200000000000004174 1.8403390999349424906
0.42400000000000004352 1.8416494945414967344
0.4260000000000000453 1.8429900824576634921
0.42800000000000004707 1.8443615337483916239
0.43000000000000004885 1.8457636437414448594
0.43200000000000005063 1.8471951595504205734
0.4340000000000000524 1.8486534866158930157
0.43600000000000005418 1.8501342820200719075
0.43800000000000005596 1.8516313301508029454
0.44000000000000005773 1.8531369876226753135
0.442000000000000004 1.854642910531288047
0.44400000000000000577 1.8561406238135633728
0.44600000000000000755 1.8576220558928100424
0.44800000000000000933 1.859080100697033
0.4500000000000000111 1.8605094174351104463
0.45200000000000001288 1.8619071810180500837
0.45400000000000001465 1.8632733299123835913
0.45600000000000001643 1.8646103343146192
0.45800000000000001821 1.8659229235829801752
0.46000000000000001998 1.8672179238302055726
0.46200000000000002176 1.8685039528380491536
0.46400000000000002354 1.869790759623590759
0.46600000000000002531 1.8710884101989231354
0.46800000000000002709 1.8724066825385192736
0.47000000000000002887 1.8737545719000741062
0.47200000000000003064 1.8751395501719219094
0.47400000000000003242 1.8765666956777027341
0.47600000000000003419 1.8780381365585590014
0.47800000000000003597 1.8795529111414968071
0.48000000000000003775 1.8811069691064292719
0.48200000000000003952 1.8826932992017946233
0.4840000000000000413 1.8843026308858326079
0.48600000000000004308 1.8859247621216193025
0.48800000000000004485 1.8875498418646312615
0.49000000000000004663 1.8891692221783473737
0.49200000000000004841 1.8907761006226841971
0.49400000000000005018 1.8923660548645993007
0.49600000000000005196 1.8939371588661468859
0.49800000000000005373 1.8954895598590564276
0.5 1.8970250221989519712
0.50200000000000000178 1.8985469082059802659
0.50400000000000000355 1.9000602873819223415
0.50600000000000000533 1.9015717043761655169
0.50800000000000000711 1.9030886500555519447
0.51000000000000000888 1.9046188691058936193
0.51200000000000001066 1.9061692896799733443
0.51400000000000001243 1.9077446773621773435
0.51600000000000001421 1.9093468873318419909
0.51800000000000001599 1.9109752724043660432
0.52000000000000001776 1.9126276649841518207
0.52200000000000001954 1.9143012174053128938
0.52400000000000002132 1.9159930002372091984
0.52600000000000002309 1.9177002947969621349
0.52800000000000002487 1.9194204625329460701
0.53000000000000002665 1.9211508598579336571
0.53200000000000002842 1.9228894770350484222
0.5340000000000000302 1.9246360389760432952
0.53600000000000003197 1.9263925472557728025
0.53800000000000003375 1.9281626310731847518
0.54000000000000003553 1.9299499857789998991
0.5420000000000000373 1.9317569544996280317
0.54400000000000003908 1.9335844726276829597
0.54600000000000004086 1.9354337597236237478
0.54800000000000004263 1.9373087056471278711
0.55000000000000004441 1.9392172103903404512
0.55200000000000004619 1.9411707349386271293
0.55400000000000004796 1.9431829369170841026
0.55600000000000004974 1.9452688414030501196
0.55800000000000005151 1.9474450099219122734
0.56000000000000005329 1.9497294596621528306
0.56200000000000005507 1.9521395127229088651
0.56400000000000005684 1.9546873030045959219
0.56600000000000005862 1.9573750934927001133
0.5680000000000000604 1.9601928884950905463
0.57000000000000006217 1.9631183463073673678
0.57200000000000006395 1.9661172320340440933
0.57400000000000006573 1.969144928569998898
0.5760000000000000675 1.972153126774526033
0.57800000000000006928 1.9751041857297502169
0.58000000000000007105 1.9779889281611491292
0.58200000000000007283 1.9808401815238296795
0.58400000000000007461 1.9837385237723512699
0.58600000000000007638 1.9868117522073938108
0.58800000000000007816 1.9902285996238109345
0.59000000000000007994 1.9941843996849926146
0.59200000000000008171 1.9988791363220577146
0.59400000000000008349 2.0044932224912184182
0.59600000000000008527 2.0111651673633117454
0.59800000000000008704 2.0189703421243150316
0.60000000000000008882 2.0278999880845027803
0.60199999999999997957 2.0378437000185267713
0.60399999999999998135 2.0485795540213356247
0.60599999999999998312 2.0597742909531469024
0.6079999999999999849 2.0709970690183809872
0.60999999999999998668 2.0817520435243253019
0.61199999999999998845 2.0915298379054867439
0.61399999999999999023 2.0998663153994692188
0.61599999999999999201 2.1063903277417330706
0.61799999999999999378 2.1108496038814972273
0.61999999999999999556 2.1131204543169790355
0.62199999999999999734 2.1132163907363983313
0.62399999999999999911 2.1113019055779917998
0.62600000000000000089 2.1076971799176433819
0.62800000000000000266 2.1028485603499298406
0.63000000000000000444 2.0972540416387177586
0.63200000000000000622 2.0913644230581622807
0.63400000000000000799 2.0855023632990032922
0.63600000000000000977 2.0798340138627744444
0.63800000000000001155 2.0743973556591925878
0.64000000000000001332 2.0691612432779753483
0.6420000000000000151 2.0640792011827744368
0.64400000000000001688 2.0591148828980956331
0.64600000000000001865 2.0542393777557039769
0.64800000000000002043 2.0494179343355853895
0.6500000000000000222 2.0446056034226334219
0.65200000000000002398 2.0397594091863111565
0.65400000000000002576 2.034859212486215263
0.65600000000000002753 2.029921752400110968
0.65800000000000002931 2.0249969472816378158
0.66000000000000003109 2.0201478763860110099
0.66200000000000003286 2.0154265843934360269
0.66400000000000003464 2.0108594921652240828
0.66600000000000003642 2.0064482058564303557
0.66800000000000003819 2.0021805206248752818
0.67000000000000003997 1.9980409400458463143
0.67200000000000004174 1.9940135058358274822
0.67400000000000004352 1.9900779403723851679
0.6760000000000000453 1.9862055540156371425
0.67800000000000004707 1.9823602952310432901
0.68000000000000004885 1.9785052946631425108
0.68200000000000005063 1.9746113245379015577
0.6840000000000000524 1.9706631310447966232
0.68600000000000005418 1.9666614112970586259
0.68800000000000005596 1.9626203373157227183
0.69000000000000005773 1.9585621700464010964
0.69200000000000005951 1.9545114000168324342
0.69400000000000006128 1.9504905399575416247
0.69600000000000006306 1.9465182274126753281
0.69800000000000006484 1.9426088238732359681
0.70000000000000006661 1.9387723801934488854
0.70200000000000006839 1.9350145007196846159
0.70400000000000007017 1.9313361824221877416
0.70600000000000007194 1.9277336450331046258
0.70800000000000007372 1.9241980766793906898
0.7100000000000000755 1.9207155974703549184
0.71200000000000007727 1.9172681547402214974
0.71400000000000007905 1.9138357868267852346
0.71600000000000008082 1.9103998310669692007
0.7180000000000000826 1.9069460350250053704
0.72000000000000008438 1.9034666414758423247
0.72200000000000008615 1.8999610243359574824
0.72400000000000008793 1.8964348639805064245
0.72600000000000008971 1.8928981646264184668
0.72799999999999998046 1.8893628027650002377
0.72999999999999998224 1.8858405199452354939
0.73199999999999998401 1.8823419142134776294
0.73399999999999998579 1.8788761838212746369
0.73599999999999998757 1.8754508821217321657
0.73799999999999998934 1.872071243151424591
0.73999999999999999112 1.8687393549290822747
0.74199999999999999289 1.8654537963279078649
0.74399999999999999467 1.862210043944501292
0.74599999999999999645 1.8590014456735173276
0.74799999999999999822 1.8558203502863672707
0.75 1.8526590913084697299
0.75200000000000000178 1.8495106661482878518
0.75400000000000000355 1.8463690357936914932
0.75600000000000000533 1.8432291349371290323
0.75800000000000000711 1.8400869187061363874
0.76000000000000000888 1.836939788413092467
0.76200000000000001066 1.8337873480624717892
0.76400000000000001243 1.8306319527094845334
0.76600000000000001421 1.8274784655946845202
0.76800000000000001599 1.8243331764773706993
0.77000000000000001776 1.8212024503688928334
0.77200000000000001954 1.8180917703471373148
0.77400000000000002132 1.8150053709782192346
0.77600000000000002309 1.8119461714731988078
0.77800000000000002487 1.8089156830857642255
0.78000000000000002665 1.805913880243319225
0.78200000000000002842 1.8029392292840129564
0.7840000000000000302 1.7999889484549611574
0.78600000000000003197 1.7970593622968342729
0.78800000000000003375 1.7941462180961820216
0.79000000000000003553 1.7912450210812731477
0.7920000000000000373 1.7883515232674540574
0.79400000000000003908 1.7854623265341487137
0.79600000000000004086 1.782575341807270064
0.79800000000000004263 1.7796898711392123982
0.80000000000000004441 1.7768063534121423253
0.80200000000000004619 1.7739260443260629341
0.80400000000000004796 1.7710508449154300781
0.80600000000000004974 1.768183239337628887
0.80800000000000005151 1.7653261495771677136
0.81000000000000005329 1.7624826150799266511
0.81200000000000005507 1.7596554090867229103
0.81400000000000005684 1.7568467584613367549
0.81600000000000005862 1.7540581951595146659
0.8180000000000000604 1.7512904330115299789
0.82000000000000006217 1.7485432102543467803
0.82200000000000006395 1.7458152021300510359
0.82400000000000006573 1.7431041649284539918
0.8260000000000000675 1.740407324895279384
0.82800000000000006928 1.7377218289242326588
0.83000000000000007105 1.7350450506737871148
0.83200000000000007283 1.7323747207057358377
0.83400000000000007461 1.7297090212018564337
0.83600000000000007638 1.7270467620661420494
0.83800000000000007816 1.7243875761481379794
0.84000000000000007994 1.7217319582468382233
0.84200000000000008171 1.7190810687184625571
0.84400000000000008349 1.7164364316172107117
0.84600000000000008527 1.7137997438508316694
0.84800000000000008704 1.7111728681627620396
0.85000000000000008882 1.7085578587099308212
0.85200000000000009059 1.7059568063351866485
0.85400000000000009237 1.7033714660856749123
0.85600000000000009415 1.7008028635577399079
0.8579999999999999849 1.6982511228121563995
0.85999999999999998668 1.695715572219663958
0.86199999999999998845 1.6931949644333204041
0.86399999999999999023 1.6906876133598991441
0.86599999999999999201 1.6881914225389611506
0.86799999999999999378 1.6857039596389198355
0.86999999999999999556 1.6832227228022482723
0.87199999999999999734 1.6807455622748936896
0.87399999999999999911 1.6782710578712765059
0.87600000000000000089 1.6757986685024601758
0.87800000000000000266 1.6733286439652679256
0.88000000000000000444 1.670861845628768938
0.88200000000000000622 1.6683996120242081673
0.88400000000000000799 1.6659436627185506552
0.88600000000000000977 1.6634959306094074805
0.88800000000000001155 1.6610582809934855142
0.89000000000000001332 1.65863223349323885
0.8920000000000000151 1.6562188769624412998
0.89400000000000001688 1.6538189506524672012
0.89600000000000001865 1.6514329021674245546
0.89800000000000002043 1.6490607845886311456
0.9000000000000000222 1.6467020823947962072
0.90200000000000002398 1.6443556519117887849
0.90400000000000002576 1.6420199123348118153
0.90600000000000002753 1.6396930354477290415
0.90800000000000002931 1.6373730278675737715
0.91000000000000003109 1.6350578126281434255
0.91200000000000003286 1.6327454473383158362
0.91400000000000003464 1.6304344748476173876
0.91600000000000003642 1.6281242933421471442
0.91800000000000003819 1.6258151770844293527
0.92000000000000003997 1.6235080420692933334
0.92200000000000004174 1.6212042299467332995
0.92400000000000004352 1.6189053937045336795
0.9260000000000000453 1.616613418969435223
0.92800000000000004707 1.6143303276114502331
0.93000000000000004885 1.6120579779148496158
0.93200000000000005063 1.6097977284317235291
0.9340000000000000524 1.6075502794245728477
0.93600000000000005418 1.6053157051109836484
0.93800000000000005596 1.6030935693639243311
0.94000000000000005773 1.6008830697332965265
0.94200000000000005951 1.5986830321080516271
0.94400000000000006128 1.5964918388298094953
0.94600000000000006306 1.5943074892938340348
0.94800000000000006484 1.5921278509969831738
0.95000000000000006661 1.5899509900493211667
0.95200000000000006839 1.5877754980034817223
0.95400000000000007017 1.5856006316868582751
0.95600000000000007194 1.5834262507472569581
0.95800000000000007372 1.5812527163879450676
0.9600000000000000755 1.5790808684068637913
0.96200000000000007727 1.5769120249428136837
0.96400000000000007905 1.5747479558320853776
0.96600000000000008082 1.5725907240506757923
0.9680000000000000826 1.570442356567374631
0.97000000000000008438 1.5683044792024243286
0.97200000000000008615 1.5661780945600602966
0.97400000000000008793 1.5640635241994804705
0.97600000000000008971 1.5619604764239243266
0.97800000000000009148 1.5598681644959979664
0.98000000000000009326 1.5577853812518107635
0.98200000000000009504 1.5557105318439217179
0.98399999999999998579 1.5536417365639831889
0.98599999999999998757 1.5515770419698196037
0.98799999999999998934 1.5495146868016418384
0.98999999999999999112 1.547453362422448464
0.99199999999999999289 1.545392390331202126
0.99399999999999999467 1.5433317479402766104
0.99599999999999999645 1.5412719825904612758
0.99799999999999999822 1.5392141018535876462
1 1.537159458773543097
