500.000000
-1 3.2738996635924886518e-21
-0.99799999999999999822 7.3811285928910383862e-20
-0.99599999999999999645 2.1924930060917631503e-19
-0.99399999999999999467 3.5614525870232334776e-19
-0.99199999999999999289 3.5381238085405114435e-19
-0.98999999999999999112 1.0951371513757085043e-19
-0.98799999999999998934 -3.7774569935462291001e-19
-0.98599999999999998757 -9.5598094399900564753e-19
-0.98399999999999998579 -1.3336337736904641001e-18
-0.98199999999999998401 -1.1688257253667538107e-18
-0.97999999999999998224 -2.3938625141050874385e-19
-0.97799999999999998046 1.3556650106983565109e-18
-0.97599999999999997868 3.0841207751087206809e-18
-0.97399999999999997691 4.0437851335915924988e-18
-0.97199999999999997513 3.2567241974721638538e-18
-0.96999999999999997335 1.8689160944998646468e-19
-0.96799999999999997158 -4.7137861105507771707e-18
-0.9659999999999999698 -9.7175951554609286995e-18
-0.96399999999999996803 -1.2081865094869408321e-17
-0.96199999999999996625 -9.0282785255046577321e-18
-0.95999999999999996447 7.2622323259335276449e-19
-0.9579999999999999627 1.5447359441547934196e-17
-0.95599999999999996092 2.9711468079179902311e-17
-0.95399999999999995914 3.5413050332734828828e-17
-0.95199999999999995737 2.4790738135303362563e-17
-0.94999999999999995559 -5.1308241493624210436e-18
-0.94799999999999995381 -4.8376951227411772515e-17
-0.94599999999999995204 -8.8560644751878184771e-17
-0.94399999999999995026 -1.0231988426688263188e-16
-0.94199999999999994849 -6.8311978979370758135e-17
-0.93999999999999994671 2.0250416666726103756e-17
-0.93799999999999994493 1.4447789599088277659e-16
-0.93599999999999994316 2.5677049883613319611e-16
-0.9340000000000000524 2.9154084861525466411e-16
-0.93200000000000005063 1.9082005852319526848e-16
-0.93000000000000004885 -6.1465318632150561334e-17
-0.92800000000000004707 -4.1033043465036592535e-16
-0.9260000000000000453 -7.2339119630237591511e-16
-0.92400000000000004352 -8.2153805443015103021e-16
-0.92200000000000004174 -5.483044704858198299e-16
-0.92000000000000003997 1.3951961011951895332e-16
-0.91800000000000003819 1.0962980122733660291e-15
-0.91600000000000003642 1.9719954993259401663e-15
-0.91400000000000003464 2.2915224706305563994e-15
-0.91200000000000003286 1.6318635894028581296e-15
-0.91000000000000003109 -1.4703507237197183785e-16
-0.90800000000000002931 -2.7065271238120795544e-15
-0.90600000000000002753 -5.1777804471744171994e-15
-0.90400000000000002576 -6.3397266737275050204e-15
-0.90200000000000002398 -5.0381585563973433121e-15
-0.9000000000000000222 -7.5069063210352034411e-16
-0.89800000000000002043 5.9010247894778432196e-15
-0.89600000000000001865 1.2942289135917128187e-14
-0.89400000000000001688 1.7350274522085695562e-14
-0.8920000000000000151 1.5939937485337358423e-14
-0.89000000000000001332 6.6783475099785648702e-15
-0.88800000000000001155 -9.9544148023599325141e-15
-0.88600000000000000977 -3.009240280208110099e-14
-0.88400000000000000799 -4.6632513054986591301e-14
-0.88200000000000000622 -5.0743613779719654136e-14
-0.88000000000000000444 -3.4701325417682804133e-14
-0.87800000000000000266 4.4703221548143858017e-15
-0.87600000000000000089 6.1556290188169570331e-14
-0.87399999999999999911 1.2127246008282432006e-13
-0.87199999999999999734 1.5940539063432313849e-13
-0.86999999999999999556 1.480842434469327035e-13
-0.86799999999999999378 6.5386979500750406147e-14
-0.86599999999999999201 -9.2075606370752943647e-14
-0.86399999999999999023 -2.9702386969416920718e-13
-0.86199999999999998845 -4.853200184012036303e-13
-0.85999999999999998668 -5.6231329492644393119e-13
-0.8579999999999999849 -4.2706684503791245124e-13
-0.85599999999999998312 -1.5011876938812445883e-14
-0.85399999999999998135 6.4904808112510587452e-13
-0.85199999999999997957 1.406423750919931594e-12
-0.8499999999999999778 1.956075933349962124e-12
-0.84799999999999997602 1.9102483709044564595e-12
-0.84599999999999997424 9.2839848978335887217e-13
-0.84399999999999997247 -1.0870339075215948037e-12
-0.84199999999999997069 -3.7919035766315928286e-12
-0.83999999999999996891 -6.2969306971092678154e-12
-0.83799999999999996714 -7.2712860917824618291e-12
-0.83599999999999996536 -5.3289759597947323325e-12
-0.83399999999999996358 3.2338458822960920065e-13
-0.83199999999999996181 9.1441029484444693584e-12
-0.82999999999999996003 1.8733132317578135583e-11
-0.82799999999999995826 2.4916712138734594915e-11
-0.82599999999999995648 2.2751236231792197449e-11
-0.8239999999999999547 8.4804455952575552044e-12
-0.82199999999999995293 -1.7970695599549365532e-11
-0.81999999999999995115 -5.0879101637923059364e-11
-0.81799999999999994937 -7.8221217657984205002e-11
-0.8159999999999999476 -8.3920756351971919282e-11
-0.81399999999999994582 -5.3273262592854293871e-11
-0.81199999999999994404 1.9322906613921144527e-11
-0.80999999999999994227 1.2277263099881538028e-10
-0.80800000000000005151 2.2550795372057691574e-10
-0.80600000000000004974 2.7934002364210278464e-10
-0.80400000000000004796 2.3313285782795091334e-10
-0.80200000000000004619 5.5007308348857816709e-11
-0.80000000000000004441 -2.4286927579239553404e-10
-0.79800000000000004263 -5.870688396247105577e-10
-0.79600000000000004086 -8.4502295785240441358e-10
-0.79400000000000003908 -8.5520812046475399887e-10
-0.7920000000000000373 -4.8563899088240095551e-10
-0.79000000000000003553 2.9178835637758658733e-10
-0.78800000000000003375 1.3367604430458731332e-09
-0.78600000000000003197 2.3195000610380702703e-09
-0.7840000000000000302 2.7737262543170797492e-09
-0.78200000000000002842 2.2358973139921596622e-09
-0.78000000000000002665 4.5068370191759023738e-10
-0.77800000000000002487 -2.4161417683955484939e-09
-0.77600000000000002309 -5.6472871832498951197e-09
-0.77400000000000002132 -8.0219625132941029535e-09
-0.77200000000000001954 -8.1050373144979854255e-09
-0.77000000000000001776 -4.7639576831892119767e-09
-0.76800000000000001599 2.2047994001015569875e-09
-0.76600000000000001421 1.1558529466513295282e-08
-0.76400000000000001243 2.0469889805391912572e-08
-0.76200000000000001066 2.4994676525886515618e-08
-0.76000000000000000888 2.1217257540321641942e-08
-0.75800000000000000711 6.8933714436209950767e-09
-0.75600000000000000533 -1.687333734979820345e-08
-0.75400000000000000355 -4.4597163477234861023e-08
-0.75200000000000000178 -6.6720830800294646391e-08
-0.75 -7.1725082448481692795e-08
-0.74799999999999999822 -4.995604046921468229e-08
-0.74599999999999999645 1.6421336257750089998e-09
-0.74399999999999999467 7.542329848397496778e-08
-0.74199999999999999289 1.5151651556500229654e-07
-0.73999999999999999112 2.0062520632114988605e-07
-0.73799999999999998934 1.9181630461188719719e-07
-0.73599999999999998757 1.0411823903712031869e-07
-0.73399999999999998579 -6.1298374266667112032e-08
-0.73199999999999998401 -2.7288884138380040391e-07
-0.72999999999999998224 -4.6881157908543252153e-07
-0.72799999999999998046 -5.6800294629789915496e-07
-0.72599999999999997868 -4.9232516924259580855e-07
-0.72399999999999997691 -1.9672084890337295625e-07
-0.72199999999999997513 2.9950505057428791828e-07
-0.71999999999999997335 8.9152013389252479508e-07
-0.71799999999999997158 1.3921354036220372507e-06
-0.7159999999999999698 1.5709512860307303302e-06
-0.71399999999999996803 1.2292371017284083455e-06
-0.71199999999999996625 2.9097021859210161404e-07
-0.70999999999999996447 -1.1257491409225273355e-06
-0.7079999999999999627 -2.6916685323904065741e-06
-0.70599999999999996092 -3.9164257760594657442e-06
-0.70399999999999995914 -4.2515381828706648372e-06
-0.70199999999999995737 -3.2255628030682712157e-06
-0.69999999999999995559 -6.0676830126611176277e-07
-0.69799999999999995381 3.4073650688776189896e-06
-0.69599999999999995204 8.0204523162200108195e-06
-0.69399999999999995026 1.1808911607676452363e-05
-0.69199999999999994849 1.2973355988743023409e-05
-0.68999999999999994671 9.9008855269393262414e-06
-0.68799999999999994493 1.8904277937609581563e-06
-0.68599999999999994316 -1.0226234836410635828e-05
-0.68399999999999994138 -2.3834336960265732917e-05
-0.6819999999999999396 -3.486034384897849375e-05
-0.67999999999999993783 -3.8768255392100017928e-05
-0.67800000000000004707 -3.2051440095629869526e-05
-0.6760000000000000453 -1.3578448526767138618e-05
-0.67400000000000004352 1.5065548295544616317e-05
-0.67200000000000004174 5.0442115752858716709e-05
-0.67000000000000003997 8.8160829872530364166e-05
-0.66800000000000003819 0.00012200894896503705904
-0.66600000000000003642 0.00014104953530751800951
-0.66400000000000003464 0.00012751968451754386747
-0.66200000000000003286 5.9846952838336812486e-05
-0.66000000000000003109 -7.7806389164683178875e-05
-0.65800000000000002931 -0.00028412134678460518149
-0.65600000000000002753 -0.00053585519338803725819
-0.65400000000000002576 -0.00079530034349971920685
-0.65200000000000002398 -0.0010269352461563666448
-0.6500000000000000222 -0.0012129051440072020126
-0.64800000000000002043 -0.0013574552476404940816
-0.64600000000000001865 -0.0014787722794626541323
-0.64400000000000001688 -0.0015962802550004498436
-0.6420000000000000151 -0.0017245293902313249372
-0.64000000000000001332 -0.0018784413448725534833
-0.63800000000000001155 -0.0020827518190276407203
-0.63600000000000000977 -0.0023694883430961989103
-0.63400000000000000799 -0.0027493720479144783016
-0.63200000000000000622 -0.0031584846685770639682
-0.63000000000000000444 -0.0034028829959460876221
-0.62800000000000000266 -0.0031356646636386239016
-0.62600000000000000089 -0.0018906477423941455817
-0.62399999999999999911 0.00083302291330484851822
-0.62199999999999999734 0.0054705810486213035659
-0.61999999999999999556 0.012317372109366259147
-0.61799999999999999378 0.021500534553154745931
-0.61599999999999999201 0.032985673178441574094
-0.61399999999999999023 0.046593689026477119741
-0.61199999999999998845 0.062013699556125193024
-0.60999999999999998668 0.078817759149330507418
-0.6079999999999999849 0.096491423199142445366
-0.60599999999999998312 0.11448497069969530704
-0.60399999999999998135 0.13227420302715636735
-0.60199999999999997957 0.14941256882902972936
-0.5999999999999999778 0.16556303080710593756
-0.59799999999999997602 0.18050990620599891012
-0.59599999999999997424 0.19415662538478953292
-0.59399999999999997247 0.20651366620602296109
-0.59199999999999997069 0.21767908384455536552
-0.58999999999999996891 0.22781532827447686929
-0.58799999999999996714 0.23712559486720974355
-0.58599999999999996536 0.24582944306789916711
-0.58399999999999996358 0.25413725019422389595
-0.58199999999999996181 0.26222755784899548503
-0.57999999999999996003 0.27023265584838229714
-0.57799999999999995826 0.27823307397337909697
-0.57599999999999995648 0.28625864121014599206
-0.5739999999999999547 0.2942961262039302528
-0.57199999999999995293 0.30230443201080348103
-0.56999999999999995115 0.31023353115231577792
-0.56799999999999994937 0.31803933316798810305
-0.5659999999999999476 0.32569022426230598288
-0.56399999999999994582 0.33316797621762395121
-0.56199999999999994404 0.34046751002736097558
-0.55999999999999994227 0.34759625469333921277
-0.55799999999999994049 0.35457132899046062136
-0.55599999999999993872 0.3614144649656159114
-0.55399999999999993694 0.36814712532610804896
-0.55200000000000004619 0.37478801142246331857
-0.55000000000000004441 0.38135277800043398955
-0.54800000000000004263 0.3878542339861097421
-0.54600000000000004086 0.39430181825180310451
-0.54400000000000003908 0.40070073672014983046
-0.5420000000000000373 0.40705206644544644767
-0.54000000000000003553 0.41335456615958199311
-0.53800000000000003375 0.41960734903567287191
-0.53600000000000003197 0.42581163644762498599
-0.5340000000000000302 0.43197062453134182913
-0.53200000000000002842 0.43808802469992524919
-0.53000000000000002665 0.44416657941935289156
-0.52800000000000002487 0.45020749802059678579
-0.52600000000000002309 0.45621095097253738793
-0.52400000000000002132 0.46217699037423776165
-0.52200000000000001954 0.46810594786360104624
-0.52000000000000001776 0.47399806764963520189
-0.51800000000000001599 0.47985306852581310899
-0.51600000000000001421 0.48567018962310493091
-0.51400000000000001243 0.49144865695176048748
-0.51200000000000001066 0.4971884422280494209
-0.51000000000000000888 0.50289117123720272762
-0.50800000000000000711 0.50856054394196714696
-0.50600000000000000533 0.51420174423783659989
-0.50400000000000000355 0.51982031909324821761
-0.50200000000000000178 0.52542130428641098394
-0.5 0.53100871210460742766
-0.49799999999999999822 0.53658521172577522407
-0.49599999999999999645 0.54215210066163410652
-0.49399999999999999467 0.54770955935607434917
-0.49199999999999999289 0.55325674807268832023
-0.48999999999999999112 0.55879149183201204387
-0.48799999999999998934 0.56430998126012321681
-0.48599999999999998757 0.56980688322346606522
-0.48399999999999998579 0.57527569034834447059
-0.48199999999999998401 0.58070906544644518288
-0.47999999999999998224 0.58609938429988195363
-0.47799999999999998046 0.59143974626002293604
-0.47599999999999997868 0.59672506917201917354
-0.47399999999999997691 0.60195261703720848168
-0.47199999999999997513 0.60712205475197333904
-0.46999999999999997335 0.61223548663085725074
-0.46799999999999997158 0.61729741994824927076
-0.4659999999999999698 0.62231432185797974643
-0.46399999999999996803 0.6272938561751737474
-0.46199999999999996625 0.63224426846885495301
-0.45999999999999996447 0.63717406416512578637
-0.4579999999999999627 0.64209160781581220423
-0.45599999999999996092 0.64700448556015399681
-0.45400000000000001465 0.65191895234746022325
-0.45200000000000001288 0.65683967072811699772
-0.4500000000000000111 0.66176954334217397147
-0.44800000000000000933 0.66670937932840479423
-0.44600000000000000755 0.67165752852368987291
-0.44400000000000000577 0.67660993074027786509
-0.442000000000000004 0.68156064983013497915
-0.44000000000000000222 0.68650248245351974674
-0.43800000000000000044 0.69142740772976829522
-0.43599999999999999867 0.69632703320032696137
-0.43399999999999999689 0.70119325491076234247
-0.43199999999999999512 0.70601908461223628066
-0.42999999999999999334 0.71079920031413568182
-0.42799999999999999156 0.71552993172193013471
-0.42599999999999998979 0.72020895439235466107
-0.42399999999999998801 0.72483509374381527302
-0.42199999999999998623 0.72940824913597901435
-0.41999999999999998446 0.73392929340600066013
-0.41799999999999998268 0.7384000059024403706
-0.4159999999999999809 0.74282324714247027764
-0.41399999999999997913 0.74720335794981984634
-0.41199999999999997735 0.7515463885822325496
-0.40999999999999997558 0.75585976197851989511
-0.4079999999999999738 0.76015141552055953689
-0.40599999999999997202 0.76442879719911815961
-0.40399999999999997025 0.76869805338073660117
-0.40199999999999996847 0.77296356821353806588
-0.39999999999999996669 0.77722779304517475296
-0.39799999999999996492 0.78149126201095509003
-0.39599999999999996314 0.78575281802164198552
-0.39399999999999996136 0.79001007024504799059
-0.3920000000000000151 0.79425985499953200009
-0.39000000000000001332 0.79849841274876254271
-0.38800000000000001155 0.80272127822014038845
-0.38600000000000000977 0.80692325606649006886
-0.38400000000000000799 0.81109885984900276235
-0.38200000000000000622 0.81524314281661025561
-0.38000000000000000444 0.81935249593497960774
-0.37800000000000000266 0.82342508954906001861
-0.37600000000000000089 0.82746096850925732191
-0.37399999999999999911 0.83146191160968352385
-0.37199999999999999734 0.83543110818470300849
-0.36999999999999999556 0.83937266847424574223
-0.36799999999999999378 0.84329100969485903949
-0.36599999999999999201 0.84719024095778516781
-0.36399999999999999023 0.85107375000007357002
-0.36199999999999998845 0.8549440699478829675
-0.35999999999999998668 0.8588027865097895841
-0.3579999999999999849 0.86265026364714647578
-0.35599999999999998312 0.86648524640641055861
-0.35399999999999998135 0.87030457769760571907
-0.35199999999999997957 0.87410317427716122118
-0.3499999999999999778 0.87787426505561871881
-0.34799999999999997602 0.88160974994530005855
-0.34599999999999997424 0.88530055228653048438
-0.34399999999999997247 0.88893698058929482286
-0.34199999999999997069 0.89250927499050569658
-0.33999999999999996891 0.89600846623432750526
-0.33799999999999996714 0.89942747404179135273
-0.33599999999999996536 0.90276219084999820286
-0.33399999999999996358 0.90601230934301879572
-0.33199999999999996181 0.90918177746771267067
-0.32999999999999996003 0.91227869886420287493
-0.32799999999999995826 0.91531447323653858383
-0.32600000000000001199 0.91830225439350909866
-0.32400000000000001021 0.92125513123451396869
-0.32200000000000000844 0.92418455194980375644
-0.32000000000000000666 0.92709951652520639076
-0.31800000000000000488 0.93000684603402827832
-0.31600000000000000311 0.93291221036953297929
-0.31400000000000000133 0.93582110139280771932
-0.31199999999999999956 0.93873891631683314962
-0.30999999999999999778 0.94166982266362153631
-0.307999999999999996 0.94461479830346928299
-0.30599999999999999423 0.94756978525913626576
-0.30399999999999999245 0.95052502243924408276
-0.30199999999999999067 0.953466233845720601
-0.2999999999999999889 0.95637761880769145417
-0.29799999999999998712 0.95924587007313544262
-0.29599999999999998535 0.96206399948397425259
-0.29399999999999998357 0.9648336275470625889
-0.29199999999999998179 0.96756466033514365588
-0.28999999999999998002 0.97027199981029643716
-0.28799999999999997824 0.97297001533869997836
-0.28599999999999997646 0.97566650719540193304
-0.28399999999999997469 0.97835831896909586369
-0.28199999999999997291 0.98103032931781730674
-0.27999999999999997113 0.98365848994571059016
-0.27799999999999996936 0.98621615596135336901
-0.27599999999999996758 0.98868182989453856635
-0.27399999999999996581 0.99104598204881078072
-0.27199999999999996403 0.9933149978370887645
-0.26999999999999996225 0.99551118594369536474
-0.26799999999999996048 0.99766870519560346686
-0.2659999999999999587 0.9998262642394049049
-0.26400000000000001243 1.0020183668591138293
-0.26200000000000001066 1.004267406126787332
-0.26000000000000000888 1.0065786888301513358
-0.25800000000000000711 1.0089397085778930574
-0.25600000000000000533 1.0113239290735058784
-0.25400000000000000355 1.0136980966243069879
-0.25200000000000000178 1.0160309991360945148
-0.24999999999999997224 1.0183011950317424343
-0.24799999999999999822 1.020501754785940518
-0.24599999999999999645 1.0226409718296205487
-0.24399999999999999467 1.0247390790397123972
-0.24199999999999999289 1.0268219468651262893
-0.23999999999999999112 1.0289135323386442433
-0.23799999999999998934 1.0310292785051826669
-0.23599999999999998757 1.0331723435207018635
-0.23399999999999998579 1.0353336443787033438
-0.23199999999999998401 1.0374955699764885075
-0.22999999999999998224 1.0396382209147176923
-0.22799999999999998046 1.0417463221120821792
-0.22599999999999997868 1.0438146028375188124
-0.22399999999999997691 1.0458498041370414278
-0.22199999999999997513 1.0478685487858108161
-0.21999999999999997335 1.0498915344090766766
-0.21799999999999997158 1.0519356650911428908
-0.2159999999999999698 1.0540066634739746476
-0.21399999999999999578 1.0560948551424815811
-0.211999999999999994 1.0581759593215656068
-0.20999999999999999223 1.0602170212425523488
-0.20799999999999999045 1.0621857050780834086
-0.20599999999999998868 1.0640599154507901503
-0.2039999999999999869 1.0658344883472117282
-0.20199999999999998512 1.0675227027573583882
-0.19999999999999998335 1.0691522121904593057
-0.19799999999999998157 1.0707569074904901285
-0.19599999999999997979 1.0723675161841637049
-0.19399999999999997802 1.0740039947025437073
-0.19199999999999997624 1.0756718761381021121
-0.18999999999999997446 1.0773632115843714274
-0.18799999999999997269 1.0790612274858424335
-0.18599999999999997091 1.0807467906918817313
-0.18399999999999999689 1.082404526612140927
-0.18199999999999999512 1.0840269471476193797
-0.17999999999999999334 1.0856158045957289282
-0.17799999999999999156 1.0871807587987691868
-0.17599999999999998979 1.0887359539105505579
-0.17399999999999998801 1.0902954149074002288
-0.17199999999999998623 1.0918684656924502185
-0.16999999999999998446 1.0934563302948228092
-0.16799999999999998268 1.0950505792248155235
-0.1659999999999999809 1.0966335953135819548
-0.16399999999999997913 1.0981810206960076481
-0.16199999999999997735 1.0996659959215719926
-0.15999999999999997558 1.1010645546182613597
-0.1579999999999999738 1.1023609817277435496
-0.15599999999999997202 1.1035518534950523595
-0.15399999999999997025 1.1046477600347994752
-0.15199999999999996847 1.1056722315960418879
-0.14999999999999999445 1.106658033462695645
-0.14799999999999999267 1.1076415767014773373
-0.1459999999999999909 1.108656654855816992
-0.14399999999999998912 1.1097288769378641504
-0.14199999999999998734 1.1108718880396404316
-0.13999999999999998557 1.1120859643085074797
-0.13799999999999998379 1.1133591302119789646
-0.13599999999999998201 1.1146704500560189466
-0.13399999999999998024 1.1159946236824933585
-0.13199999999999997846 1.1173068464625188767
-0.12999999999999997669 1.1185869090194742181
-0.12799999999999997491 1.1198217707813917787
-0.12599999999999997313 1.1210063306267654681
-0.12399999999999998523 1.1221424664373911284
-0.12199999999999998346 1.1232367786211185923
-0.11999999999999998168 1.1242977796342827901
-0.1179999999999999799 1.1253332450754691685
-0.11599999999999997813 1.1263482881105626454
-0.11399999999999997635 1.1273446354123690671
-0.11199999999999998845 1.1283211100288723649
-0.10999999999999998668 1.1292748162685659619
-0.1079999999999999849 1.1302024253087190608
-0.10599999999999998312 1.1311011354169719922
-0.10399999999999998135 1.1319691562701814647
-0.10199999999999997957 1.1328057107292472949
-0.099999999999999977796 1.1336108076162334513
-0.097999999999999976019 1.1343851963197693067
-0.095999999999999974243 1.135130656947537009
-0.093999999999999986344 1.1358504672834111027
-0.091999999999999984568 1.1365498176197055269
-0.089999999999999982792 1.1372358813147895873
-0.087999999999999981015 1.1379171430616268346
-0.085999999999999979239 1.138601793369463433
-0.083999999999999977462 1.1392955810122424865
-0.081999999999999975686 1.1399998484210596139
-0.079999999999999987788 1.1407104404370098649
-0.077999999999999986011 1.1414179971122488944
-0.075999999999999984235 1.1421096294068346921
-0.073999999999999982458 1.1427715722261115872
-0.071999999999999980682 1.1433922047803803945
-0.069999999999999978906 1.1439645897915964312
-0.067999999999999977129 1.144487778387275112
-0.065999999999999975353 1.1449666241285254564
-0.063999999999999973577 1.1454103203881669248
-0.061999999999999978739 1.1458301890720514749
-0.059999999999999983902 1.1462372964523823704
-0.057999999999999982125 1.1466404941683492336
-0.055999999999999980349 1.1470453285326560611
-0.053999999999999978573 1.1474538849054698453
-0.051999999999999976796 1.1478653454878293694
-0.049999999999999981959 1.1482769665170780016
-0.047999999999999980183 1.148685202853377163
-0.045999999999999978406 1.1490866367915342217
-0.043999999999999983569 1.149478524733134277
-0.041999999999999981792 1.149858943606517192
-0.039999999999999980016 1.1502266668120260107
-0.03799999999999997824 1.1505807659192448522
-0.035999999999999976463 1.1509200224254096945
-0.033999999999999981626 1.1512425805645081223
-0.031999999999999979849 1.1515460062286186904
-0.029999999999999978073 1.1518275801558899296
-0.027999999999999979766 1.1520847252429453622
-0.025999999999999981459 1.1523155118780190609
-0.023999999999999979683 1.1525191202696556392
-0.021999999999999977907 1.1526960642632890774
-0.0199999999999999796 1.1528481549159073083
-0.017999999999999981293 1.152978247316696514
-0.015999999999999979516 1.153089737741258336
-0.013999999999999979475 1.1531859060670703876
-0.011999999999999979433 1.1532692974465588165
-0.0099999999999999793915 1.1533413800188541121
-0.0079999999999999793499 1.1534025090059043528
-0.0059999999999999793082 1.1534520951403934852
-0.0039999999999999792666 1.1534889493567246355
-0.001999999999999979225 1.1535117389216336115
2.0816681711721685133e-17 1.1535194576353227092
0.0020000000000000208583 1.1535117389216336115
0.0040000000000000208999 1.1534889493567246355
0.0060000000000000209416 1.1534520951403934852
0.0080000000000000209832 1.1534025090059043528
0.010000000000000021025 1.1533413800188541121
0.012000000000000021066 1.1532692974465588165
0.014000000000000021108 1.1531859060670703876
0.01600000000000002115 1.153089737741258336
0.018000000000000022926 1.152978247316696514
0.020000000000000021233 1.1528481549159073083
0.02200000000000001954 1.1526960642632890774
0.024000000000000021316 1.1525191202696556392
0.026000000000000023093 1.1523155118780190609
0.0280000000000000214 1.1520847252429453622
0.030000000000000019706 1.1518275801558899296
0.032000000000000021483 1.1515460062286186904
0.034000000000000023259 1.1512425805645081223
0.036000000000000018097 1.1509200224254096945
0.038000000000000019873 1.1505807659192448522
0.040000000000000021649 1.1502266668120260107
0.042000000000000023426 1.149858943606517192
0.044000000000000025202 1.149478524733134277
0.04600000000000002004 1.1490866367915342217
0.048000000000000021816 1.148685202853377163
0.050000000000000023592 1.1482769665170780016
0.05200000000000001843 1.1478653454878293694
0.054000000000000020206 1.1474538849054698453
0.056000000000000021982 1.1470453285326560611
0.058000000000000023759 1.1466404941683492336
0.060000000000000025535 1.1462372964523823704
0.062000000000000020373 1.1458301890720514749
0.064000000000000029088 1.1454103203881669248
0.066000000000000016986 1.1449666241285254564
0.068000000000000018763 1.144487778387275112
0.070000000000000020539 1.1439645897915964312
0.072000000000000022315 1.1433922047803803945
0.074000000000000024092 1.1427715722261115872
0.076000000000000025868 1.1421096294068346921
0.078000000000000027645 1.1414179971122488944
0.080000000000000015543 1.1407104404370098649
0.082000000000000017319 1.1399998484210596139
0.084000000000000019096 1.1392955810122424865
0.086000000000000020872 1.138601793369463433
0.088000000000000022649 1.1379171430616268346
0.090000000000000024425 1.1372358813147895873
0.092000000000000026201 1.1365498176197055269
0.094000000000000027978 1.1358504672834111027
0.096000000000000029754 1.135130656947537009
0.098000000000000017653 1.1343851963197693067
0.10000000000000001943 1.1336108076162334513
0.10200000000000002121 1.1328057107292472949
0.10400000000000002298 1.1319691562701814647
0.10600000000000002476 1.1311011354169719922
0.10800000000000002653 1.1302024253087190608
0.11000000000000002831 1.1292748162685659619
0.11200000000000001621 1.1283211100288723649
0.11400000000000001799 1.1273446354123690671
0.11600000000000001976 1.1263482881105626454
0.11800000000000002154 1.1253332450754691685
0.12000000000000002331 1.1242977796342827901
0.12200000000000002509 1.1232367786211185923
0.12400000000000002687 1.1221424664373911284
0.12600000000000002864 1.1210063306267654681
0.12800000000000003042 1.1198217707813917787
0.1300000000000000322 1.1185869090194742181
0.13200000000000003397 1.1173068464625188767
0.13400000000000003575 1.1159946236824933585
0.13600000000000000977 1.1146704500560189466
0.13800000000000001155 1.1133591302119789646
0.14000000000000001332 1.1120859643085074797
0.1420000000000000151 1.1108718880396404316
0.14400000000000001688 1.1097288769378641504
0.14600000000000001865 1.108656654855816992
0.14800000000000002043 1.1076415767014773373
0.1500000000000000222 1.106658033462695645
0.15200000000000002398 1.1056722315960418879
0.15400000000000002576 1.1046477600347994752
0.15600000000000002753 1.1035518534950523595
0.15800000000000002931 1.1023609817277435496
0.16000000000000003109 1.1010645546182613597
0.16200000000000003286 1.0996659959215719926
0.16400000000000003464 1.0981810206960076481
0.16600000000000003642 1.0966335953135819548
0.16800000000000003819 1.0950505792248155235
0.17000000000000001221 1.0934563302948228092
0.17200000000000001399 1.0918684656924502185
0.17400000000000001577 1.0902954149074002288
0.17600000000000001754 1.0887359539105505579
0.17800000000000001932 1.0871807587987691868
0.18000000000000002109 1.0856158045957289282
0.18200000000000002287 1.0840269471476193797
0.18400000000000002465 1.082404526612140927
0.18600000000000002642 1.0807467906918817313
0.1880000000000000282 1.0790612274858424335
0.19000000000000002998 1.0773632115843714274
0.19200000000000003175 1.0756718761381021121
0.19400000000000003353 1.0740039947025437073
0.19600000000000003531 1.0723675161841637049
0.19800000000000003708 1.0707569074904901285
0.2000000000000000111 1.0691522121904593057
0.20200000000000001288 1.0675227027573583882
0.20400000000000001465 1.0658344883472117282
0.20600000000000001643 1.0640599154507901503
0.20800000000000001821 1.0621857050780834086
0.21000000000000001998 1.0602170212425523488
0.21200000000000002176 1.0581759593215656068
0.21400000000000002354 1.0560948551424815811
0.21600000000000002531 1.0540066634739746476
0.21800000000000002709 1.0519356650911428908
0.22000000000000002887 1.0498915344090766766
0.22200000000000003064 1.0478685487858108161
0.22400000000000003242 1.0458498041370414278
0.22600000000000003419 1.0438146028375188124
0.22800000000000003597 1.0417463221120821792
0.23000000000000003775 1.0396382209147176923
0.23200000000000003952 1.0374955699764885075
0.23400000000000001354 1.0353336443787033438
0.23600000000000001532 1.0331723435207018635
0.2380000000000000171 1.0310292785051826669
0.24000000000000001887 1.0289135323386442433
0.24200000000000002065 1.0268219468651262893
0.24400000000000002243 1.0247390790397123972
0.2460000000000000242 1.0226409718296205487
0.24800000000000002598 1.020501754785940518
0.25 1.0183011950317424343
0.25200000000000000178 1.0160309991360945148
0.25400000000000000355 1.0136980966243069879
0.25600000000000000533 1.0113239290735058784
0.25800000000000000711 1.0089397085778930574
0.26000000000000000888 1.0065786888301513358
0.26200000000000001066 1.004267406126787332
0.26400000000000001243 1.0020183668591138293
0.26600000000000001421 0.9998262642394049049
0.26800000000000001599 0.99766870519560346686
0.27000000000000001776 0.99551118594369536474
0.27200000000000001954 0.9933149978370887645
0.27400000000000002132 0.99104598204881078072
0.27600000000000002309 0.98868182989453856635
0.27800000000000002487 0.98621615596135336901
0.28000000000000002665 0.98365848994571059016
0.28200000000000002842 0.98103032931781730674
0.2840000000000000302 0.97835831896909586369
0.28600000000000003197 0.97566650719540193304
0.28800000000000003375 0.97297001533869997836
0.29000000000000003553 0.97027199981029643716
0.2920000000000000373 0.96756466033514365588
0.29400000000000003908 0.9648336275470625889
0.29600000000000004086 0.96206399948397425259
0.29800000000000004263 0.95924587007313544262
0.30000000000000004441 0.95637761880769145417
0.30200000000000004619 0.953466233845720601
0.30400000000000004796 0.95052502243924408276
0.30600000000000004974 0.94756978525913626576
0.30800000000000005151 0.94461479830346928299
0.31000000000000005329 0.94166982266362153631
0.31200000000000005507 0.93873891631683314962
0.31400000000000000133 0.93582110139280771932
0.31600000000000000311 0.93291221036953297929
0.31800000000000000488 0.93000684603402827832
0.32000000000000000666 0.92709951652520639076
0.32200000000000000844 0.92418455194980375644
0.32400000000000001021 0.92125513123451396869
0.32600000000000001199 0.91830225439350909866
0.32800000000000001377 0.91531447323653858383
0.33000000000000001554 0.91227869886420287493
0.33200000000000001732 0.90918177746771267067
0.3340000000000000191 0.90601230934301879572
0.33600000000000002087 0.90276219084999820286
0.33800000000000002265 0.89942747404179135273
0.34000000000000002442 0.89600846623432750526
0.3420000000000000262 0.89250927499050569658
0.34400000000000002798 0.88893698058929482286
0.34600000000000002975 0.88530055228653048438
0.34800000000000003153 0.88160974994530005855
0.35000000000000003331 0.87787426505561871881
0.35200000000000003508 0.87410317427716122118
0.35400000000000003686 0.87030457769760571907
0.35600000000000003864 0.86648524640641055861
0.35800000000000004041 0.86265026364714647578
0.36000000000000004219 0.8588027865097895841
0.36200000000000004396 0.8549440699478829675
0.36400000000000004574 0.85107375000007357002
0.36600000000000004752 0.84719024095778516781
0.36800000000000004929 0.84329100969485903949
0.37000000000000005107 0.83937266847424574223
0.37200000000000005285 0.83543110818470300849
0.37400000000000005462 0.83146191160968352385
0.37600000000000000089 0.82746096850925732191
0.37800000000000000266 0.82342508954906001861
0.38000000000000000444 0.81935249593497960774
0.38200000000000000622 0.81524314281661025561
0.38400000000000000799 0.81109885984900276235
0.38600000000000000977 0.80692325606649006886
0.38800000000000001155 0.80272127822014038845
0.39000000000000001332 0.79849841274876254271
0.3920000000000000151 0.79425985499953200009
0.39400000000000001688 0.79001007024504799059
0.39600000000000001865 0.78575281802164198552
0.39800000000000002043 0.78149126201095509003
0.4000000000000000222 0.77722779304517475296
0.40200000000000002398 0.77296356821353806588
0.40400000000000002576 0.76869805338073660117
0.40600000000000002753 0.76442879719911815961
0.40800000000000002931 0.76015141552055953689
0.41000000000000003109 0.75585976197851989511
0.41200000000000003286 0.7515463885822325496
0.41400000000000003464 0.74720335794981984634
0.41600000000000003642 0.74282324714247027764
0.41800000000000003819 0.7384000059024403706
0.42000000000000003997 0.73392929340600066013
0.42200000000000004174 0.72940824913597901435
0.42400000000000004352 0.72483509374381527302
0.4260000000000000453 0.72020895439235466107
0.42800000000000004707 0.71552993172193013471
0.43000000000000004885 0.71079920031413568182
0.43200000000000005063 0.70601908461223628066
0.4340000000000000524 0.70119325491076234247
0.43600000000000005418 0.69632703320032696137
0.43800000000000005596 0.69142740772976829522
0.44000000000000005773 0.68650248245351974674
0.442000000000000004 0.68156064983013497915
0.44400000000000000577 0.67660993074027786509
0.44600000000000000755 0.67165752852368987291
0.44800000000000000933 0.66670937932840479423
0.4500000000000000111 0.66176954334217397147
0.45200000000000001288 0.65683967072811699772
0.45400000000000001465 0.65191895234746022325
0.45600000000000001643 0.64700448556015399681
0.45800000000000001821 0.64209160781581220423
0.46000000000000001998 0.63717406416512578637
0.46200000000000002176 0.63224426846885495301
0.46400000000000002354 0.6272938561751737474
0.46600000000000002531 0.62231432185797974643
0.46800000000000002709 0.61729741994824927076
0.47000000000000002887 0.61223548663085725074
0.47200000000000003064 0.60712205475197333904
0.47400000000000003242 0.60195261703720848168
0.47600000000000003419 0.59672506917201917354
0.47800000000000003597 0.59143974626002293604
0.48000000000000003775 0.58609938429988195363
0.48200000000000003952 0.58070906544644518288
0.4840000000000000413 0.57527569034834447059
0.48600000000000004308 0.56980688322346606522
0.48800000000000004485 0.56430998126012321681
0.49000000000000004663 0.55879149183201204387
0.49200000000000004841 0.55325674807268832023
0.49400000000000005018 0.54770955935607434917
0.49600000000000005196 0.54215210066163410652
0.49800000000000005373 0.53658521172577522407
0.5 0.53100871210460742766
0.50200000000000000178 0.52542130428641098394
0.50400000000000000355 0.51982031909324821761
0.50600000000000000533 0.51420174423783659989
0.50800000000000000711 0.50856054394196714696
0.51000000000000000888 0.50289117123720272762
0.51200000000000001066 0.4971884422280494209
0.51400000000000001243 0.49144865695176048748
0.51600000000000001421 0.48567018962310493091
0.51800000000000001599 0.47985306852581310899
0.52000000000000001776 0.47399806764963520189
0.52200000000000001954 0.46810594786360104624
0.52400000000000002132 0.46217699037423776165
0.52600000000000002309 0.45621095097253738793
0.52800000000000002487 0.45020749802059678579
0.53000000000000002665 0.44416657941935289156
0.53200000000000002842 0.43808802469992524919
0.5340000000000000302 0.43197062453134182913
0.53600000000000003197 0.42581163644762498599
0.53800000000000003375 0.41960734903567287191
0.54000000000000003553 0.41335456615958199311
0.5420000000000000373 0.40705206644544644767
0.54400000000000003908 0.40070073672014983046
0.54600000000000004086 0.39430181825180310451
0.54800000000000004263 0.3878542339861097421
0.55000000000000004441 0.38135277800043398955
0.55200000000000004619 0.37478801142246331857
0.55400000000000004796 0.36814712532610804896
0.55600000000000004974 0.3614144649656159114
0.55800000000000005151 0.35457132899046062136
0.56000000000000005329 0.34759625469333921277
0.56200000000000005507 0.34046751002736097558
0.56400000000000005684 0.33316797621762395121
0.56600000000000005862 0.32569022426230598288
0.5680000000000000604 0.31803933316798810305
0.57000000000000006217 0.31023353115231577792
0.57200000000000006395 0.30230443201080348103
0.57400000000000006573 0.2942961262039302528
0.5760000000000000675 0.28625864121014599206
0.57800000000000006928 0.27823307397337909697
0.58000000000000007105 0.27023265584838229714
0.58200000000000007283 0.26222755784899548503
0.58400000000000007461 0.25413725019422389595
0.58600000000000007638 0.24582944306789916711
0.58800000000000007816 0.23712559486720974355
0.59000000000000007994 0.22781532827447686929
0.59200000000000008171 0.21767908384455536552
0.59400000000000008349 0.20651366620602296109
0.59600000000000008527 0.19415662538478953292
0.59800000000000008704 0.18050990620599891012
0.60000000000000008882 0.16556303080710593756
0.60199999999999997957 0.14941256882902972936
0.60399999999999998135 0.13227420302715636735
0.60599999999999998312 0.11448497069969530704
0.6079999999999999849 0.096491423199142445366
0.60999999999999998668 0.078817759149330507418
0.61199999999999998845 0.062013699556125193024
0.61399999999999999023 0.046593689026477119741
0.61599999999999999201 0.032985673178441574094
0.61799999999999999378 0.021500534553154745931
0.61999999999999999556 0.012317372109366259147
0.62199999999999999734 0.0054705810486213035659
0.62399999999999999911 0.00083302291330484851822
0.62600000000000000089 -0.0018906477423941455817
0.62800000000000000266 -0.0031356646636386239016
0.63000000000000000444 -0.0034028829959460876221
0.63200000000000000622 -0.0031584846685770639682
0.63400000000000000799 -0.0027493720479144783016
0.63600000000000000977 -0.0023694883430961989103
0.63800000000000001155 -0.0020827518190276407203
0.64000000000000001332 -0.0018784413448725534833
0.6420000000000000151 -0.0017245293902313249372
0.64400000000000001688 -0.0015962802550004498436
0.64600000000000001865 -0.0014787722794626541323
0.64800000000000002043 -0.0013574552476404940816
0.6500000000000000222 -0.0012129051440072020126
0.65200000000000002398 -0.0010269352461563666448
0.65400000000000002576 -0.00079530034349971920685
0.65600000000000002753 -0.00053585519338803725819
0.65800000000000002931 -0.00028412134678460518149
0.66000000000000003109 -7.7806389164683178875e-05
0.66200000000000003286 5.9846952838336812486e-05
0.66400000000000003464 0.00012751968451754386747
0.66600000000000003642 0.00014104953530751800951
0.66800000000000003819 0.00012200894896503705904
0.67000000000000003997 8.8160829872530364166e-05
0.67200000000000004174 5.0442115752858716709e-05
0.67400000000000004352 1.5065548295544616317e-05
0.6760000000000000453 -1.3578448526767138618e-05
0.67800000000000004707 -3.2051440095629869526e-05
0.68000000000000004885 -3.8768255392100017928e-05
0.68200000000000005063 -3.486034384897849375e-05
0.6840000000000000524 -2.3834336960265732917e-05
0.68600000000000005418 -1.0226234836410635828e-05
0.68800000000000005596 1.8904277937609581563e-06
0.69000000000000005773 9.9008855269393262414e-06
0.69200000000000005951 1.2973355988743023409e-05
0.69400000000000006128 1.1808911607676452363e-05
0.69600000000000006306 8.0204523162200108195e-06
0.69800000000000006484 3.4073650688776189896e-06
0.70000000000000006661 -6.0676830126611176277e-07
0.70200000000000006839 -3.2255628030682712157e-06
0.70400000000000007017 -4.2515381828706648372e-06
0.70600000000000007194 -3.9164257760594657442e-06
0.70800000000000007372 -2.6916685323904065741e-06
0.7100000000000000755 -1.1257491409225273355e-06
0.71200000000000007727 2.9097021859210161404e-07
0.71400000000000007905 1.2292371017284083455e-06
0.71600000000000008082 1.5709512860307303302e-06
0.7180000000000000826 1.3921354036220372507e-06
0.72000000000000008438 8.9152013389252479508e-07
0.72200000000000008615 2.9950505057428791828e-07
0.72400000000000008793 -1.9672084890337295625e-07
0.72600000000000008971 -4.9232516924259580855e-07
0.72799999999999998046 -5.6800294629789915496e-07
0.72999999999999998224 -4.6881157908543252153e-07
0.73199999999999998401 -2.7288884138380040391e-07
0.73399999999999998579 -6.1298374266667112032e-08
0.73599999999999998757 1.0411823903712031869e-07
0.73799999999999998934 1.9181630461188719719e-07
0.73999999999999999112 2.0062520632114988605e-07
0.74199999999999999289 1.5151651556500229654e-07
0.74399999999999999467 7.542329848397496778e-08
0.74599999999999999645 1.6421336257750089998e-09
0.74799999999999999822 -4.995604046921468229e-08
0.75 -7.1725082448481692795e-08
0.75200000000000000178 -6.6720830800294646391e-08
0.75400000000000000355 -4.4597163477234861023e-08
0.75600000000000000533 -1.687333734979820345e-08
0.75800000000000000711 6.8933714436209950767e-09
0.76000000000000000888 2.1217257540321641942e-08
0.76200000000000001066 2.4994676525886515618e-08
0.76400000000000001243 2.0469889805391912572e-08
0.76600000000000001421 1.1558529466513295282e-08
0.76800000000000001599 2.2047994001015569875e-09
0.77000000000000001776 -4.7639576831892119767e-09
0.77200000000000001954 -8.1050373144979854255e-09
0.77400000000000002132 -8.0219625132941029535e-09
0.77600000000000002309 -5.6472871832498951197e-09
0.77800000000000002487 -2.4161417683955484939e-09
0.78000000000000002665 4.5068370191759023738e-10
0.78200000000000002842 2.2358973139921596622e-09
0.7840000000000000302 2.7737262543170797492e-09
0.78600000000000003197 2.3195000610380702703e-09
0.78800000000000003375 1.3367604430458731332e-09
0.79000000000000003553 2.9178835637758658733e-10
0.7920000000000000373 -4.8563899088240095551e-10
0.79400000000000003908 -8.5520812046475399887e-10
0.79600000000000004086 -8.4502295785240441358e-10
0.79800000000000004263 -5.870688396247105577e-10
0.80000000000000004441 -2.4286927579239553404e-10
0.80200000000000004619 5.5007308348857816709e-11
0.80400000000000004796 2.3313285782795091334e-10
0.80600000000000004974 2.7934002364210278464e-10
0.80800000000000005151 2.2550795372057691574e-10
0.81000000000000005329 1.2277263099881538028e-10
0.81200000000000005507 1.9322906613921144527e-11
0.81400000000000005684 -5.3273262592854293871e-11
0.81600000000000005862 -8.3920756351971919282e-11
0.8180000000000000604 -7.8221217657984205002e-11
0.82000000000000006217 -5.0879101637923059364e-11
0.82200000000000006395 -1.7970695599549365532e-11
0.82400000000000006573 8.4804455952575552044e-12
0.8260000000000000675 2.2751236231792197449e-11
0.82800000000000006928 2.4916712138734594915e-11
0.83000000000000007105 1.8733132317578135583e-11
0.83200000000000007283 9.1441029484444693584e-12
0.83400000000000007461 3.2338458822960920065e-13
0.83600000000000007638 -5.3289759597947323325e-12
0.83800000000000007816 -7.2712860917824618291e-12
0.84000000000000007994 -6.2969306971092678154e-12
0.84200000000000008171 -3.7919035766315928286e-12
0.84400000000000008349 -1.0870339075215948037e-12
0.84600000000000008527 9.2839848978335887217e-13
0.84800000000000008704 1.9102483709044564595e-12
0.85000000000000008882 1.956075933349962124e-12
0.85200000000000009059 1.406423750919931594e-12
0.85400000000000009237 6.4904808112510587452e-13
0.85600000000000009415 -1.5011876938812445883e-14
0.8579999999999999849 -4.2706684503791245124e-13
0.85999999999999998668 -5.6231329492644393119e-13
0.86199999999999998845 -4.853200184012036303e-13
0.86399999999999999023 -2.9702386969416920718e-13
0.86599999999999999201 -9.2075606370752943647e-14
0.86799999999999999378 6.5386979500750406147e-14
0.86999999999999999556 1.480842434469327035e-13
0.87199999999999999734 1.5940539063432313849e-13
0.87399999999999999911 1.2127246008282432006e-13
0.87600000000000000089 6.1556290188169570331e-14
0.87800000000000000266 4.4703221548143858017e-15
0.88000000000000000444 -3.4701325417682804133e-14
0.88200000000000000622 -5.0743613779719654136e-14
0.88400000000000000799 -4.6632513054986591301e-14
0.88600000000000000977 -3.009240280208110099e-14
0.88800000000000001155 -9.9544148023599325141e-15
0.89000000000000001332 6.6783475099785648702e-15
0.8920000000000000151 1.5939937485337358423e-14
0.89400000000000001688 1.7350274522085695562e-14
0.89600000000000001865 1.2942289135917128187e-14
0.89800000000000002043 5.9010247894778432196e-15
0.9000000000000000222 -7.5069063210352034411e-16
0.90200000000000002398 -5.0381585563973433121e-15
0.90400000000000002576 -6.3397266737275050204e-15
0.90600000000000002753 -5.1777804471744171994e-15
0.90800000000000002931 -2.7065271238120795544e-15
0.91000000000000003109 -1.4703507237197183785e-16
0.91200000000000003286 1.6318635894028581296e-15
0.91400000000000003464 2.2915224706305563994e-15
0.91600000000000003642 1.9719954993259401663e-15
0.91800000000000003819 1.0962980122733660291e-15
0.92000000000000003997 1.3951961011951895332e-16
0.92200000000000004174 -5.483044704858198299e-16
0.92400000000000004352 -8.2153805443015103021e-16
0.9260000000000000453 -7.2339119630237591511e-16
0.92800000000000004707 -4.1033043465036592535e-16
0.93000000000000004885 -6.1465318632150561334e-17
0.93200000000000005063 1.9082005852319526848e-16
0.9340000000000000524 2.9154084861525466411e-16
0.93600000000000005418 2.5677049883613319611e-16
0.93800000000000005596 1.4447789599088277659e-16
0.94000000000000005773 2.0250416666726103756e-17
0.94200000000000005951 -6.8311978979370758135e-17
0.94400000000000006128 -1.0231988426688263188e-16
0.94600000000000006306 -8.8560644751878184771e-17
0.94800000000000006484 -4.8376951227411772515e-17
0.95000000000000006661 -5.1308241493624210436e-18
0.95200000000000006839 2.4790738135303362563e-17
0.95400000000000007017 3.5413050332734828828e-17
0.95600000000000007194 2.9711468079179902311e-17
0.95800000000000007372 1.5447359441547934196e-17
0.9600000000000000755 7.2622323259335276449e-19
0.96200000000000007727 -9.0282785255046577321e-18
0.96400000000000007905 -1.2081865094869408321e-17
0.96600000000000008082 -9.7175951554609286995e-18
0.9680000000000000826 -4.7137861105507771707e-18
0.97000000000000008438 1.8689160944998646468e-19
0.97200000000000008615 3.2567241974721638538e-18
0.97400000000000008793 4.0437851335915924988e-18
0.97600000000000008971 3.0841207751087206809e-18
0.97800000000000009148 1.3556650106983565109e-18
0.98000000000000009326 -2.3938625141050874385e-19
0.98200000000000009504 -1.1688257253667538107e-18
0.98399999999999998579 -1.3336337736904641001e-18
0.98599999999999998757 -9.5598094399900564753e-19
0.98799999999999998934 -3.7774569935462291001e-19
0.98999999999999999112 1.0951371513757085043e-19
0.99199999999999999289 3.5381238085405114435e-19
0.99399999999999999467 3.5614525870232334776e-19
0.99599999999999999645 2.1924930060917631503e-19
0.99799999999999999822 7.3811285928910383862e-20
1 3.2738996635924886518e-21
