0.000000
-1 0.017986199649984064425
-0.99799999999999999822 0.018706499229274663187
-0.99599999999999999645 0.01945507341392966813
-0.99399999999999999467 0.020232985495518305413
-0.99199999999999999289 0.02104133495674657961
-0.98999999999999999112 0.021881258390851796025
-0.98799999999999998934 0.02275393041719236259
-0.98599999999999998757 0.023660564590044959321
-0.98399999999999998579 0.02460241429732831428
-0.98199999999999998401 0.02558077364566949119
-0.97999999999999998224 0.026596978327902517925
-0.97799999999999998046 0.027652406468746459217
-0.97599999999999997868 0.028748479444046924625
-0.97399999999999997691 0.029886662668583585667
-0.97199999999999997513 0.031068466347046078818
-0.96999999999999997335 0.032295446182359313636
-0.96799999999999997158 0.033569204035102204187
-0.9659999999999999698 0.034891388527302544253
-0.96399999999999996803 0.036263695583423183333
-0.96199999999999996625 0.037687868900853252474
-0.95999999999999996447 0.039165700341719983379
-0.9579999999999999627 0.040699030237311292768
-0.95599999999999996092 0.042289747595865567753
-0.95399999999999995914 0.04393979020394694901
-0.95199999999999995737 0.045651144611070892942
-0.94999999999999995559 0.047425845986696552048
-0.94799999999999995381 0.049265977838145458279
-0.94599999999999995204 0.051173671577464018012
-0.94399999999999995026 0.053151105924704886152
-0.94199999999999994849 0.055200506134583757212
-0.93999999999999994671 0.057324143032964125499
-0.93799999999999994493 0.059524331849152949114
-0.93599999999999994316 0.061803430829553897274
-0.9340000000000000524 0.064163839617835644047
-0.93200000000000005063 0.066607997386432568621
-0.93000000000000004885 0.069138380703932966753
-0.92800000000000004707 0.071757501122705458219
-0.9260000000000000453 0.074467902471015701149
-0.92400000000000004352 0.077272157833871590871
-0.92200000000000004174 0.080172866206947857037
-0.92000000000000003997 0.083172648808179289182
-0.91800000000000003819 0.086274145031979082576
-0.91600000000000003642 0.089480008031592200846
-0.91400000000000003464 0.092792899915792703691
-0.91200000000000003286 0.096215486547042081145
-0.91000000000000003109 0.099750431929328545189
-0.90800000000000002931 0.10340039217524449322
-0.90600000000000002753 0.10716800904341912404
-0.90400000000000002576 0.11105590303923493223
-0.90200000000000002398 0.11506666607386870083
-0.9000000000000000222 0.11920285367901727047
-0.89800000000000002043 0.12346697677735586629
-0.89600000000000001865 0.12786149301168542314
-0.89400000000000001688 0.13238879763900943121
-0.8920000000000000151 0.13705121399928055226
-0.89000000000000001332 0.14185098357243525191
-0.88800000000000001155 0.14679025564147485383
-0.88600000000000000977 0.15187107658374235375
-0.88400000000000000799 0.15709537881726340358
-0.88200000000000000622 0.16246496943393570755
-0.88000000000000000444 0.16798151855648763009
-0.87800000000000000266 0.17364654746146093722
-0.87600000000000000089 0.17946141651591793198
-0.87399999999999999911 0.18542731298111969629
-0.87199999999999999734 0.19154523874198711719
-0.86999999999999999556 0.19781599802669580512
-0.86799999999999999378 0.20424018518616135487
-0.86599999999999999201 0.21081817260843016548
-0.86399999999999999023 0.2175500988479252551
-0.86199999999999998845 0.224435857054121779
-0.85999999999999998668 0.23147508378834638632
-0.8579999999999999849 0.23866714832099636401
-0.85599999999999998312 0.2460111425043929323
-0.85399999999999998135 0.25350587131869239954
-0.85199999999999997957 0.2611498441895531708
-0.8499999999999999778 0.26894126717670618909
-0.84799999999999997602 0.27687803613189843066
-0.84599999999999997424 0.28495773092293164019
-0.84399999999999997247 0.29317761081761328779
-0.84199999999999997069 0.30153461111728552257
-0.83999999999999996891 0.31002534112418417278
-0.83799999999999996714 0.31864608352020301618
-0.83599999999999996536 0.32739279522667663613
-0.83399999999999996358 0.33626110980557522012
-0.83199999999999996181 0.34524634145206539726
-0.82999999999999996003 0.35434349061687953064
-0.82799999999999995826 0.36354725128427589631
-0.82599999999999995648 0.37285201991790295484
-0.8239999999999999547 0.38225190607257064634
-0.82199999999999995293 0.39174074465502728426
-0.81999999999999995115 0.40131210980149623069
-0.81799999999999994937 0.41095933032419906805
-0.8159999999999999476 0.42067550666349651234
-0.81399999999999994582 0.430453529266939805
-0.81199999999999994404 0.44028609830162529493
-0.80999999999999994227 0.45016574459199754088
-0.80800000000000005151 0.46008485166194418303
-0.80600000000000004974 0.4700356787477865117
-0.80400000000000004796 0.48001038463793477273
-0.80200000000000004619 0.49000105218555695119
-0.80000000000000004441 0.49999971333294529474
-0.79800000000000004263 0.50999837448033435994
-0.79600000000000004086 0.5199890420279555947
-0.79400000000000003908 0.52996374791810263449
-0.7920000000000000373 0.53991457500394335334
-0.79000000000000003553 0.54983368207388938487
-0.78800000000000003375 0.55971332836426335167
-0.78600000000000003197 0.56954589739894945222
-0.7840000000000000302 0.57932392000239174568
-0.78200000000000002842 0.58904009634168819076
-0.78000000000000002665 0.59868731686439058404
-0.77800000000000002487 0.60825868201086075171
-0.77600000000000002309 0.61774752059331639042
-0.77400000000000002132 0.62714740674798452602
-0.77200000000000001954 0.63645217538160869797
-0.77000000000000001776 0.64565593604900450853
-0.76800000000000001599 0.6547530852138195856
-0.76600000000000001421 0.663738316860308597
-0.76400000000000001243 0.67260663143920540463
-0.76200000000000001066 0.68135334314567785885
-0.76000000000000000888 0.68997408554169492589
-0.75800000000000000711 0.69846481554859352059
-0.75600000000000000533 0.7068218158482648672
-0.75400000000000000355 0.71504169574294473843
-0.75200000000000000178 0.72312139053397683774
-0.75 0.73105815948916985647
-0.74799999999999999822 0.73884958247631982164
-0.74599999999999999645 0.74649355534718087046
-0.74399999999999999467 0.75398828416147722908
-0.74199999999999999289 0.76133227834487304797
-0.73999999999999999112 0.76852434287752136033
-0.73799999999999998934 0.7755635696117449962
-0.73599999999999998757 0.78244932781793896659
-0.73399999999999998579 0.78918125405743488887
-0.73199999999999998401 0.79575924147970045208
-0.72999999999999998224 0.80218342863916447527
-0.72799999999999998046 0.80845418792387147011
-0.72599999999999997868 0.81457211368473703139
-0.72399999999999997691 0.8205380101499355483
-0.72199999999999997513 0.82635287920439082221
-0.71999999999999997335 0.8320179081093611595
-0.71799999999999997158 0.83753445723190900196
-0.7159999999999999698 0.84290404784858208309
-0.71399999999999996803 0.84812835008210074594
-0.71199999999999996625 0.85320917102436488744
-0.70999999999999996447 0.85814844309339988193
-0.7079999999999999627 0.86294821266654953007
-0.70599999999999996092 0.86761062902681995723
-0.70399999999999995914 0.8721379336541417171
-0.70199999999999995737 0.87653244988846990005
-0.69999999999999995559 0.88079657298679836508
-0.69799999999999995381 0.88493276059194725391
-0.69599999999999995204 0.88894352362657491629
-0.69399999999999995026 0.89283141762238660277
-0.69199999999999994849 0.8965990344905596654
-0.68999999999999994671 0.90024899473647101988
-0.68799999999999994493 0.90378394011875118341
-0.68599999999999994316 0.90720652674999879839
-0.68399999999999994138 0.91051941863419139089
-0.6819999999999999396 0.91372528163380040134
-0.67999999999999993783 0.91682677785759181255
-0.67800000000000004707 0.91982656045882127405
-0.6760000000000000453 0.9227272688318924887
-0.67400000000000004352 0.92553152419474049584
-0.67200000000000004174 0.92824192554304352232
-0.67000000000000003997 0.93086104596181018511
-0.66800000000000003819 0.93339142927930052185
-0.66600000000000003642 0.93583558704789393534
-0.66400000000000003464 0.93819599583616808403
-0.66200000000000003286 0.94047509481656088592
-0.66000000000000003109 0.94267528363274355474
-0.65800000000000002931 0.94479892053111391714
-0.65600000000000002753 0.94684832074098157495
-0.65400000000000002576 0.94882575508821631605
-0.65200000000000002398 0.95073344882752430784
-0.6500000000000000222 0.95257358067896236165
-0.64800000000000002043 0.95434828205457866712
-0.64600000000000001865 0.95605963646168845571
-0.64400000000000001688 0.9577096790697640083
-0.6420000000000000151 0.95930039642830300384
-0.64000000000000001332 0.96083372632388441836
-0.63800000000000001155 0.9623115577647347596
-0.63600000000000000977 0.96373573108215127014
-0.63400000000000000799 0.96510803813825962738
-0.63200000000000000622 0.96643022263044697784
-0.63000000000000000444 0.96770398048317607387
-0.62800000000000000266 0.9689309603184724784
-0.62600000000000000089 0.97011276399691537264
-0.62399999999999999911 0.9712509472214415629
-0.62199999999999999734 0.97234702019672458739
-0.61999999999999999556 0.97340244833754885345
-0.61799999999999999378 0.97441865301976171576
-0.61599999999999999201 0.97539701236808307172
-0.61399999999999999023 0.97633886207534925639
-0.61199999999999998845 0.97724549624817780291
-0.60999999999999998668 0.97811816827449404865
-0.6079999999999999849 0.97895809170858072434
-0.60599999999999998312 0.9797664411697829534
-0.60399999999999998135 0.98054435325134448043
-0.60199999999999997957 0.98129292743597495985
-0.5999999999999999778 0.98201322701523352521
-0.59799999999999997602 0.98270628001004745045
-0.59599999999999997424 0.98337308008973911555
-0.59399999999999997247 0.98401458748759107475
-0.59199999999999997069 0.98463172991065595063
-0.58999999999999996891 0.98522540344225528752
-0.58799999999999996714 0.9857964734353872327
-0.58599999999999996536 0.98634577539575596372
-0.58399999999999996358 0.9868741158530519586
-0.58199999999999996181 0.9873822732194325047
-0.57999999999999996003 0.98787099863425131829
-0.57799999999999995826 0.98834101679417696307
-0.57599999999999995648 0.98879302676796865246
-0.5739999999999999547 0.98922770279541194505
-0.57199999999999995293 0.98964569506976440838
-0.56999999999999995115 0.99004763050345723219
-0.56799999999999994937 0.99043411347663334876
-0.5659999999999999476 0.99080572656832399669
-0.56399999999999994582 0.99116303127009641738
-0.56199999999999994404 0.99150656868203757011
-0.55999999999999994227 0.99183686019109684739
-0.55799999999999994049 0.99215440813167821155
-0.55599999999999993872 0.99245969642866049831
-0.55399999999999993694 0.99275319122286820317
-0.55200000000000004619 0.99303534147909711116
-0.55000000000000004441 0.99330657957699197702
-0.54800000000000004263 0.99356732188478724677
-0.54600000000000004086 0.99381796931630905778
-0.54400000000000003908 0.99405890787135919862
-0.5420000000000000373 0.99429050915980532466
-0.54000000000000003553 0.9945131309096498784
-0.53800000000000003375 0.99472711745937414385
-0.53600000000000003197 0.99493280023483143815
-0.5340000000000000302 0.9951304982110934505
-0.53200000000000002842 0.9953205183594499017
-0.53000000000000002665 0.99550315608004014134
-0.52800000000000002487 0.9956786956203067529
-0.52600000000000002309 0.99584741047976998995
-0.52400000000000002132 0.99600956380128524703
-0.52200000000000001954 0.99616540874930026295
-0.52000000000000001776 0.99631518887535353013
-0.51800000000000001599 0.99645913847117362216
-0.51600000000000001421 0.99659748290973881879
-0.51400000000000001243 0.99673043897463953211
-0.51200000000000001066 0.99685821517802963854
-0.51000000000000000888 0.99698101206758327208
-0.50800000000000000711 0.99709902252267779144
-0.50600000000000000533 0.99721243204021781104
-0.50400000000000000355 0.9973214190103781851
-0.50200000000000000178 0.99742615498254061368
-0.5 0.99752680492180956229
-0.49799999999999999822 0.99762352745633720019
-0.49599999999999999645 0.99771647511577210565
-0.49399999999999999467 0.99780579456112694636
-0.49199999999999999289 0.99789162680634968527
-0.48999999999999999112 0.9979741074318088101
-0.48799999999999998934 0.99805336679007849998
-0.48599999999999998757 0.99812953020414441063
-0.48399999999999998579 0.99820271815841332685
-0.48199999999999998401 0.99827304648264825193
-0.47999999999999998224 0.99834062652916555347
-0.47799999999999998046 0.9984055653434942279
-0.47599999999999997868 0.99846796582869445924
-0.47399999999999997691 0.99852792690359359895
-0.47199999999999997513 0.99858554365513707562
-0.46999999999999997335 0.99864090748506129103
-0.46799999999999997158 0.99869410625108334667
-0.4659999999999999698 0.99874522440281021662
-0.46399999999999996803 0.99879434311255421708
-0.46199999999999996625 0.99884154040123651619
-0.45999999999999996447 0.99888689125953733505
-0.4579999999999999627 0.99893046776450711288
-0.45599999999999996092 0.99897233919174965866
-0.45400000000000001465 0.99901257212336980196
-0.45200000000000001288 0.99905123055185041103
-0.4500000000000000111 0.99908837597996125179
-0.44800000000000000933 0.99912406751690630013
-0.44600000000000000755 0.99915836197077034786
-0.44400000000000000577 0.99919131393751914327
-0.442000000000000004 0.99922297588651032285
-0.44000000000000000222 0.99925339824283720969
-0.43800000000000000044 0.99928262946645640685
-0.43599999999999999867 0.99931071612832755857
-0.43399999999999999689 0.99933770298361923601
-0.43199999999999999512 0.99936363304213382541
-0.42999999999999999334 0.99938854763600193376
-0.42799999999999999156 0.99941248648478264727
-0.42599999999999998979 0.99943548775810342466
-0.42399999999999998801 0.99945758813583696067
-0.42199999999999998623 0.99947882286596989587
-0.41999999999999998446 0.99949922582031258678
-0.41799999999999998268 0.99951882954794757374
-0.4159999999999999809 0.99953766532672294609
-0.41399999999999997913 0.99955576321267536333
-0.41199999999999997735 0.99957315208762054226
-0.40999999999999997558 0.99958985970484048877
-0.4079999999999999738 0.99960591273303245341
-0.40599999999999997202 0.99962133679857867463
-0.40399999999999997025 0.9996361565261241422
-0.40199999999999996847 0.9996503955776459005
-0.39999999999999996669 0.99966407668996482005
-0.39799999999999996492 0.9996772217108225167
-0.39599999999999996314 0.99968985163355350565
-0.39399999999999996136 0.99970198663041420772
-0.3920000000000000151 0.99971364608461898982
-0.39000000000000001332 0.99972484862112676041
-0.38800000000000001155 0.99973561213624861921
-0.38600000000000000977 0.99974595382607522875
-0.38400000000000000799 0.99975589021382182953
-0.38200000000000000622 0.99976543717612142981
-0.38000000000000000444 0.99977460996825651129
-0.37800000000000000266 0.99978342324844171607
-0.37600000000000000089 0.99979189110114830008
-0.37399999999999999911 0.99980002705952841779
-0.37199999999999999734 0.99980784412694478913
-0.36999999999999999556 0.99981535479769612085
-0.36799999999999999378 0.99982257107691729914
-0.36599999999999999201 0.99982950449967733508
-0.36399999999999999023 0.99983616614939341272
-0.36199999999999998845 0.99984256667545723385
-0.35999999999999998668 0.99984871631024263561
-0.3579999999999999849 0.99985462488539889048
-0.35599999999999998312 0.999860301847510069
-0.35399999999999998135 0.9998657562731906312
-0.35199999999999997957 0.99987099688353586746
-0.3499999999999999778 0.99987603205805508644
-0.34799999999999997602 0.99988086984800328416
-0.34599999999999997424 0.99988551798925140446
-0.34399999999999997247 0.99988998391463657089
-0.34199999999999997069 0.99989427476579773035
-0.33999999999999996891 0.99989839740459185435
-0.33799999999999996714 0.99990235842403285549
-0.33599999999999996536 0.99990616415883237789
-0.33399999999999996358 0.99990982069549694256
-0.33199999999999996181 0.99991333388205994037
-0.32999999999999996003 0.99991670933739917881
-0.32799999999999995826 0.99991995246022458144
-0.32600000000000001199 0.99992306843770561997
-0.32400000000000001021 0.99992606225372870909
-0.32200000000000000844 0.99992893869689936093
-0.32000000000000000666 0.99993170236813777585
-0.31800000000000000488 0.99993435768808580644
-0.31600000000000000311 0.99993690890411890404
-0.31400000000000000133 0.99993936009717132585
-0.31199999999999999956 0.99994171518822327904
-0.30999999999999999778 0.99994397794459866091
-0.307999999999999996 0.99994615198595659944
-0.30599999999999999423 0.99994824079009636542
-0.30399999999999999245 0.99995024769849205626
-0.30199999999999999067 0.99995217592166474319
-0.2999999999999999889 0.99995402854429316086
-0.29799999999999998712 0.99995580853013676936
-0.29599999999999998535 0.9999575187267983889
-0.29399999999999998357 0.99995916187025146726
-0.29199999999999998179 0.99996074058922834737
-0.28999999999999998002 0.99996225740941790949
-0.28799999999999997824 0.9999637147574971241
-0.28599999999999997646 0.99996511496503781569
-0.28399999999999997469 0.99996646027218083486
-0.28199999999999997291 0.9999677528312854724
-0.27999999999999997113 0.9999689947103218568
-0.27799999999999996936 0.99997018789618041801
-0.27599999999999996758 0.99997133429787399272
-0.27399999999999996581 0.99997243574957395129
-0.27199999999999996403 0.99997349401355417609
-0.26999999999999996225 0.9999745107829856039
-0.26799999999999996048 0.99997548768466981706
-0.2659999999999999587 0.999976426281630415
-0.26400000000000001243 0.99997732807560790746
-0.26200000000000001066 0.99997819450947644793
-0.26000000000000000888 0.9999790269695235656
-0.25800000000000000711 0.99997982678770513942
-0.25600000000000000533 0.99998059524374738327
-0.25400000000000000355 0.99998133356719742793
-0.25200000000000000178 0.99998204293939940701
-0.24999999999999997224 0.99998272449538716522
-0.24799999999999999822 0.99998337932566994102
-0.24599999999999999645 0.99998400847803237124
-0.24399999999999999467 0.99998461295914264912
-0.24199999999999999289 0.9999851937362119747
-0.23999999999999999112 0.99998575173853310183
-0.23799999999999998934 0.99998628785895271598
-0.23599999999999998757 0.9999868029553024007
-0.23399999999999998579 0.99998729785178996909
-0.23199999999999998401 0.99998777334029587127
-0.22999999999999998224 0.99998823018164084697
-0.22799999999999998046 0.99998866910682959741
-0.22599999999999997868 0.99998909081818609934
-0.22399999999999997691 0.99998949599048458925
-0.22199999999999997513 0.99998988527206944532
-0.21999999999999997335 0.99999025928581886102
-0.21799999999999997158 0.99999061863020688445
-0.2159999999999999698 0.99999096388023200888
-0.21399999999999999578 0.99999129558833932396
-0.211999999999999994 0.99999161428530802809
-0.20999999999999999223 0.9999919204810906459
-0.20799999999999999045 0.99999221466564680583
-0.20599999999999998868 0.99999249730971528916
-0.2039999999999999869 0.99999276886556587307
-0.20199999999999998512 0.99999302976772275198
-0.19999999999999998335 0.99999328043367952112
-0.19799999999999998157 0.99999352126453677769
-0.19599999999999997979 0.99999375264565582011
-0.19399999999999997802 0.99999397494728636815
-0.19199999999999997624 0.99999418852515009615
-0.18999999999999997446 0.99999439372100196177
-0.18799999999999997269 0.99999459086318431833
-0.18599999999999997091 0.99999478026716659418
-0.18399999999999999689 0.99999496223602246658
-0.18199999999999999512 0.99999513706093534626
-0.17999999999999999334 0.99999530502165212553
-0.17799999999999999156 0.99999546638694181144
-0.17599999999999998979 0.99999562141501341372
-0.17399999999999998801 0.99999577035394193736
-0.17199999999999998623 0.99999591344205640553
-0.16999999999999998446 0.99999605090831933385
-0.16799999999999998268 0.99999618297270609357
-0.1659999999999999809 0.99999630984654608312
-0.16399999999999997913 0.99999643173284946673
-0.16199999999999997735 0.99999654882666777489
-0.15999999999999997558 0.99999666131536790736
-0.1579999999999999738 0.99999676937895576323
-0.15599999999999997202 0.99999687319034791244
-0.15399999999999997025 0.99999697291567068991
-0.15199999999999996847 0.99999706871449456358
-0.14999999999999999445 0.99999716074011768541
-0.14799999999999999267 0.99999724913980547747
-0.1459999999999999909 0.99999733405500446093
-0.14399999999999998912 0.99999741562160615604
-0.14199999999999998734 0.99999749397012471785
-0.13999999999999998557 0.99999756922593807662
-0.13799999999999998379 0.99999764150946079955
-0.13599999999999998201 0.99999771093637146446
-0.13399999999999998024 0.9999977776177668698
-0.13199999999999997846 0.99999784166033978128
-0.12999999999999997669 0.99999790316658043743
-0.12799999999999997491 0.99999796223490944325
-0.12599999999999997313 0.99999801895984274935
-0.12399999999999998523 0.99999807343215851851
-0.12199999999999998346 0.99999812573902158164
-0.11999999999999998168 0.99999817596413276277
-0.1179999999999999799 0.99999822418785755396
-0.11599999999999997813 0.99999827048736900093
-0.11399999999999997635 0.99999831493675084282
-0.11199999999999998845 0.99999835760714006483
-0.10999999999999998668 0.99999839856681072003
-0.1079999999999999849 0.99999843788130793332
-0.10599999999999998312 0.99999847561354571202
-0.10399999999999998135 0.9999985118238974291
-0.10199999999999997957 0.9999985465703125076
-0.099999999999999977796 0.99999857990839291499
-0.097999999999999976019 0.99999861189148464558
-0.095999999999999974243 0.99999864257076254148
-0.093999999999999986344 0.99999867199532310735
-0.091999999999999984568 0.999998700212252567
-0.089999999999999982792 0.99999872726670768763
-0.087999999999999981015 0.99999875320197106898
-0.085999999999999979239 0.99999877805955461607
-0.083999999999999977462 0.99999880187923195773
-0.081999999999999975686 0.99999882469911560712
-0.079999999999999987788 0.99999884655572768288
-0.077999999999999986011 0.99999886748404220871
-0.075999999999999984235 0.999998887517548396
-0.073999999999999982458 0.99999890668829871654
-0.071999999999999980682 0.99999892502698317642
-0.069999999999999978906 0.99999894256293053729
-0.067999999999999977129 0.99999895932421534184
-0.065999999999999975353 0.99999897533765380597
-0.063999999999999973577 0.99999899062887043222
-0.061999999999999978739 0.99999900522233908795
-0.059999999999999983902 0.99999901914140465475
-0.057999999999999982125 0.99999903240834919771
-0.055999999999999980349 0.999999045044394963
-0.053999999999999978573 0.99999905706977010311
-0.051999999999999976796 0.99999906850370534617
-0.049999999999999981959 0.99999907936451049029
-0.047999999999999980183 0.99999908966956152501
-0.045999999999999978406 0.99999909943533848988
-0.043999999999999983569 0.99999910867748464938
-0.041999999999999981792 0.99999911741078051364
-0.039999999999999980016 0.9999991256492005709
-0.03799999999999997824 0.99999913340593338251
-0.035999999999999976463 0.99999914069338646794
-0.033999999999999981626 0.99999914752322338618
-0.031999999999999979849 0.99999915390636606727
-0.029999999999999978073 0.99999915985304521637
-0.027999999999999979766 0.99999916537275956863
-0.025999999999999981459 0.99999917047435238349
-0.023999999999999979683 0.99999917516598268996
-0.021999999999999977907 0.99999917945516192397
-0.0199999999999999796 0.99999918334875104176
-0.017999999999999981293 0.99999918685297961574
-0.015999999999999979516 0.99999918997345693672
-0.013999999999999979475 0.99999919271517945241
-0.011999999999999979433 0.99999919508252699263
-0.0099999999999999793915 0.99999919707929429968
-0.0079999999999999793499 0.9999991987086689349
-0.0059999999999999793082 0.99999919997326769394
-0.0039999999999999792666 0.99999920087511151578
-0.001999999999999979225 0.999999201415636918
2.0816681711721685133e-17 0.99999920159571997758
0.0020000000000000208583 0.999999201415636918
0.0040000000000000208999 0.99999920087511151578
0.0060000000000000209416 0.99999919997326769394
0.0080000000000000209832 0.9999991987086689349
0.010000000000000021025 0.99999919707929429968
0.012000000000000021066 0.99999919508252699263
0.014000000000000021108 0.99999919271517945241
0.01600000000000002115 0.99999918997345693672
0.018000000000000022926 0.99999918685297961574
0.020000000000000021233 0.99999918334875104176
0.02200000000000001954 0.99999917945516192397
0.024000000000000021316 0.99999917516598268996
0.026000000000000023093 0.99999917047435238349
0.0280000000000000214 0.99999916537275956863
0.030000000000000019706 0.99999915985304521637
0.032000000000000021483 0.99999915390636606727
0.034000000000000023259 0.99999914752322338618
0.036000000000000018097 0.99999914069338646794
0.038000000000000019873 0.99999913340593338251
0.040000000000000021649 0.9999991256492005709
0.042000000000000023426 0.99999911741078051364
0.044000000000000025202 0.99999910867748464938
0.04600000000000002004 0.99999909943533848988
0.048000000000000021816 0.99999908966956152501
0.050000000000000023592 0.99999907936451049029
0.05200000000000001843 0.99999906850370534617
0.054000000000000020206 0.99999905706977010311
0.056000000000000021982 0.999999045044394963
0.058000000000000023759 0.99999903240834919771
0.060000000000000025535 0.99999901914140465475
0.062000000000000020373 0.99999900522233908795
0.064000000000000029088 0.99999899062887043222
0.066000000000000016986 0.99999897533765380597
0.068000000000000018763 0.99999895932421534184
0.070000000000000020539 0.99999894256293053729
0.072000000000000022315 0.99999892502698317642
0.074000000000000024092 0.99999890668829871654
0.076000000000000025868 0.999998887517548396
0.078000000000000027645 0.99999886748404220871
0.080000000000000015543 0.99999884655572768288
0.082000000000000017319 0.99999882469911560712
0.084000000000000019096 0.99999880187923195773
0.086000000000000020872 0.99999877805955461607
0.088000000000000022649 0.99999875320197106898
0.090000000000000024425 0.99999872726670768763
0.092000000000000026201 0.999998700212252567
0.094000000000000027978 0.99999867199532310735
0.096000000000000029754 0.99999864257076254148
0.098000000000000017653 0.99999861189148464558
0.10000000000000001943 0.99999857990839291499
0.10200000000000002121 0.9999985465703125076
0.10400000000000002298 0.9999985118238974291
0.10600000000000002476 0.99999847561354571202
0.10800000000000002653 0.99999843788130793332
0.11000000000000002831 0.99999839856681072003
0.11200000000000001621 0.99999835760714006483
0.11400000000000001799 0.99999831493675084282
0.11600000000000001976 0.99999827048736900093
0.11800000000000002154 0.99999822418785755396
0.12000000000000002331 0.99999817596413276277
0.12200000000000002509 0.99999812573902158164
0.12400000000000002687 0.99999807343215851851
0.12600000000000002864 0.99999801895984274935
0.12800000000000003042 0.99999796223490944325
0.1300000000000000322 0.99999790316658043743
0.13200000000000003397 0.99999784166033978128
0.13400000000000003575 0.9999977776177668698
0.13600000000000000977 0.99999771093637146446
0.13800000000000001155 0.99999764150946079955
0.14000000000000001332 0.99999756922593807662
0.1420000000000000151 0.99999749397012471785
0.14400000000000001688 0.99999741562160615604
0.14600000000000001865 0.99999733405500446093
0.14800000000000002043 0.99999724913980547747
0.1500000000000000222 0.99999716074011768541
0.15200000000000002398 0.99999706871449456358
0.15400000000000002576 0.99999697291567068991
0.15600000000000002753 0.99999687319034791244
0.15800000000000002931 0.99999676937895576323
0.16000000000000003109 0.99999666131536790736
0.16200000000000003286 0.99999654882666777489
0.16400000000000003464 0.99999643173284946673
0.16600000000000003642 0.99999630984654608312
0.16800000000000003819 0.99999618297270609357
0.17000000000000001221 0.99999605090831933385
0.17200000000000001399 0.99999591344205640553
0.17400000000000001577 0.99999577035394193736
0.17600000000000001754 0.99999562141501341372
0.17800000000000001932 0.99999546638694181144
0.18000000000000002109 0.99999530502165212553
0.18200000000000002287 0.99999513706093534626
0.18400000000000002465 0.99999496223602246658
0.18600000000000002642 0.99999478026716659418
0.1880000000000000282 0.99999459086318431833
0.19000000000000002998 0.99999439372100196177
0.19200000000000003175 0.99999418852515009615
0.19400000000000003353 0.99999397494728636815
0.19600000000000003531 0.99999375264565582011
0.19800000000000003708 0.99999352126453677769
0.2000000000000000111 0.99999328043367952112
0.20200000000000001288 0.99999302976772275198
0.20400000000000001465 0.99999276886556587307
0.20600000000000001643 0.99999249730971528916
0.20800000000000001821 0.99999221466564680583
0.21000000000000001998 0.9999919204810906459
0.21200000000000002176 0.99999161428530802809
0.21400000000000002354 0.99999129558833932396
0.21600000000000002531 0.99999096388023200888
0.21800000000000002709 0.99999061863020688445
0.22000000000000002887 0.99999025928581886102
0.22200000000000003064 0.99998988527206944532
0.22400000000000003242 0.99998949599048458925
0.22600000000000003419 0.99998909081818609934
0.22800000000000003597 0.99998866910682959741
0.23000000000000003775 0.99998823018164084697
0.23200000000000003952 0.99998777334029587127
0.23400000000000001354 0.99998729785178996909
0.23600000000000001532 0.9999868029553024007
0.2380000000000000171 0.99998628785895271598
0.24000000000000001887 0.99998575173853310183
0.24200000000000002065 0.9999851937362119747
0.24400000000000002243 0.99998461295914264912
0.2460000000000000242 0.99998400847803237124
0.24800000000000002598 0.99998337932566994102
0.25 0.99998272449538716522
0.25200000000000000178 0.99998204293939940701
0.25400000000000000355 0.99998133356719742793
0.25600000000000000533 0.99998059524374738327
0.25800000000000000711 0.99997982678770513942
0.26000000000000000888 0.9999790269695235656
0.26200000000000001066 0.99997819450947644793
0.26400000000000001243 0.99997732807560790746
0.26600000000000001421 0.999976426281630415
0.26800000000000001599 0.99997548768466981706
0.27000000000000001776 0.9999745107829856039
0.27200000000000001954 0.99997349401355417609
0.27400000000000002132 0.99997243574957395129
0.27600000000000002309 0.99997133429787399272
0.27800000000000002487 0.99997018789618041801
0.28000000000000002665 0.9999689947103218568
0.28200000000000002842 0.9999677528312854724
0.2840000000000000302 0.99996646027218083486
0.28600000000000003197 0.99996511496503781569
0.28800000000000003375 0.9999637147574971241
0.29000000000000003553 0.99996225740941790949
0.2920000000000000373 0.99996074058922834737
0.29400000000000003908 0.99995916187025146726
0.29600000000000004086 0.9999575187267983889
0.29800000000000004263 0.99995580853013676936
0.30000000000000004441 0.99995402854429316086
0.30200000000000004619 0.99995217592166474319
0.30400000000000004796 0.99995024769849205626
0.30600000000000004974 0.99994824079009636542
0.30800000000000005151 0.99994615198595659944
0.31000000000000005329 0.99994397794459866091
0.31200000000000005507 0.99994171518822327904
0.31400000000000000133 0.99993936009717132585
0.31600000000000000311 0.99993690890411890404
0.31800000000000000488 0.99993435768808580644
0.32000000000000000666 0.99993170236813777585
0.32200000000000000844 0.99992893869689936093
0.32400000000000001021 0.99992606225372870909
0.32600000000000001199 0.99992306843770561997
0.32800000000000001377 0.99991995246022458144
0.33000000000000001554 0.99991670933739917881
0.33200000000000001732 0.99991333388205994037
0.3340000000000000191 0.99990982069549694256
0.33600000000000002087 0.99990616415883237789
0.33800000000000002265 0.99990235842403285549
0.34000000000000002442 0.99989839740459185435
0.3420000000000000262 0.99989427476579773035
0.34400000000000002798 0.99988998391463657089
0.34600000000000002975 0.99988551798925140446
0.34800000000000003153 0.99988086984800328416
0.35000000000000003331 0.99987603205805508644
0.35200000000000003508 0.99987099688353586746
0.35400000000000003686 0.9998657562731906312
0.35600000000000003864 0.999860301847510069
0.35800000000000004041 0.99985462488539889048
0.36000000000000004219 0.99984871631024263561
0.36200000000000004396 0.99984256667545723385
0.36400000000000004574 0.99983616614939341272
0.36600000000000004752 0.99982950449967733508
0.36800000000000004929 0.99982257107691729914
0.37000000000000005107 0.99981535479769612085
0.37200000000000005285 0.99980784412694478913
0.37400000000000005462 0.99980002705952841779
0.37600000000000000089 0.99979189110114830008
0.37800000000000000266 0.99978342324844171607
0.38000000000000000444 0.99977460996825651129
0.38200000000000000622 0.99976543717612142981
0.38400000000000000799 0.99975589021382182953
0.38600000000000000977 0.99974595382607522875
0.38800000000000001155 0.99973561213624861921
0.39000000000000001332 0.99972484862112676041
0.3920000000000000151 0.99971364608461898982
0.39400000000000001688 0.99970198663041420772
0.39600000000000001865 0.99968985163355350565
0.39800000000000002043 0.9996772217108225167
0.4000000000000000222 0.99966407668996482005
0.40200000000000002398 0.9996503955776459005
0.40400000000000002576 0.9996361565261241422
0.40600000000000002753 0.99962133679857867463
0.40800000000000002931 0.99960591273303245341
0.41000000000000003109 0.99958985970484048877
0.41200000000000003286 0.99957315208762054226
0.41400000000000003464 0.99955576321267536333
0.41600000000000003642 0.99953766532672294609
0.41800000000000003819 0.99951882954794757374
0.42000000000000003997 0.99949922582031258678
0.42200000000000004174 0.99947882286596989587
0.42400000000000004352 0.99945758813583696067
0.4260000000000000453 0.99943548775810342466
0.42800000000000004707 0.99941248648478264727
0.43000000000000004885 0.99938854763600193376
0.43200000000000005063 0.99936363304213382541
0.4340000000000000524 0.99933770298361923601
0.43600000000000005418 0.99931071612832755857
0.43800000000000005596 0.99928262946645640685
0.44000000000000005773 0.99925339824283720969
0.442000000000000004 0.99922297588651032285
0.44400000000000000577 0.99919131393751914327
0.44600000000000000755 0.99915836197077034786
0.44800000000000000933 0.99912406751690630013
0.4500000000000000111 0.99908837597996125179
0.45200000000000001288 0.99905123055185041103
0.45400000000000001465 0.99901257212336980196
0.45600000000000001643 0.99897233919174965866
0.45800000000000001821 0.99893046776450711288
0.46000000000000001998 0.99888689125953733505
0.46200000000000002176 0.99884154040123651619
0.46400000000000002354 0.99879434311255421708
0.46600000000000002531 0.99874522440281021662
0.46800000000000002709 0.99869410625108334667
0.47000000000000002887 0.99864090748506129103
0.47200000000000003064 0.99858554365513707562
0.47400000000000003242 0.99852792690359359895
0.47600000000000003419 0.99846796582869445924
0.47800000000000003597 0.9984055653434942279
0.48000000000000003775 0.99834062652916555347
0.48200000000000003952 0.99827304648264825193
0.4840000000000000413 0.99820271815841332685
0.48600000000000004308 0.99812953020414441063
0.48800000000000004485 0.99805336679007849998
0.49000000000000004663 0.9979741074318088101
0.49200000000000004841 0.99789162680634968527
0.49400000000000005018 0.99780579456112694636
0.49600000000000005196 0.99771647511577210565
0.49800000000000005373 0.99762352745633720019
0.5 0.99752680492180956229
0.50200000000000000178 0.99742615498254061368
0.50400000000000000355 0.9973214190103781851
0.50600000000000000533 0.99721243204021781104
0.50800000000000000711 0.99709902252267779144
0.51000000000000000888 0.99698101206758327208
0.51200000000000001066 0.99685821517802963854
0.51400000000000001243 0.99673043897463953211
0.51600000000000001421 0.99659748290973881879
0.51800000000000001599 0.99645913847117362216
0.52000000000000001776 0.99631518887535353013
0.52200000000000001954 0.99616540874930026295
0.52400000000000002132 0.99600956380128524703
0.52600000000000002309 0.99584741047976998995
0.52800000000000002487 0.9956786956203067529
0.53000000000000002665 0.99550315608004014134
0.53200000000000002842 0.9953205183594499017
0.5340000000000000302 0.9951304982110934505
0.53600000000000003197 0.99493280023483143815
0.53800000000000003375 0.99472711745937414385
0.54000000000000003553 0.9945131309096498784
0.5420000000000000373 0.99429050915980532466
0.54400000000000003908 0.99405890787135919862
0.54600000000000004086 0.99381796931630905778
0.54800000000000004263 0.99356732188478724677
0.55000000000000004441 0.99330657957699197702
0.55200000000000004619 0.99303534147909711116
0.55400000000000004796 0.99275319122286820317
0.55600000000000004974 0.99245969642866049831
0.55800000000000005151 0.99215440813167821155
0.56000000000000005329 0.99183686019109684739
0.56200000000000005507 0.99150656868203757011
0.56400000000000005684 0.99116303127009641738
0.56600000000000005862 0.99080572656832399669
0.5680000000000000604 0.99043411347663334876
0.57000000000000006217 0.99004763050345723219
0.57200000000000006395 0.98964569506976440838
0.57400000000000006573 0.98922770279541194505
0.5760000000000000675 0.98879302676796865246
0.57800000000000006928 0.98834101679417696307
0.58000000000000007105 0.98787099863425131829
0.58200000000000007283 0.9873822732194325047
0.58400000000000007461 0.9868741158530519586
0.58600000000000007638 0.98634577539575596372
0.58800000000000007816 0.9857964734353872327
0.59000000000000007994 0.98522540344225528752
0.59200000000000008171 0.98463172991065595063
0.59400000000000008349 0.98401458748759107475
0.59600000000000008527 0.98337308008973911555
0.59800000000000008704 0.98270628001004745045
0.60000000000000008882 0.98201322701523352521
0.60199999999999997957 0.98129292743597495985
0.60399999999999998135 0.98054435325134448043
0.60599999999999998312 0.9797664411697829534
0.6079999999999999849 0.97895809170858072434
0.60999999999999998668 0.97811816827449404865
0.61199999999999998845 0.97724549624817780291
0.61399999999999999023 0.97633886207534925639
0.61599999999999999201 0.97539701236808307172
0.61799999999999999378 0.97441865301976171576
0.61999999999999999556 0.97340244833754885345
0.62199999999999999734 0.97234702019672458739
0.62399999999999999911 0.9712509472214415629
0.62600000000000000089 0.97011276399691537264
0.62800000000000000266 0.9689309603184724784
0.63000000000000000444 0.96770398048317607387
0.63200000000000000622 0.96643022263044697784
0.63400000000000000799 0.96510803813825962738
0.63600000000000000977 0.96373573108215127014
0.63800000000000001155 0.9623115577647347596
0.64000000000000001332 0.96083372632388441836
0.6420000000000000151 0.95930039642830300384
0.64400000000000001688 0.9577096790697640083
0.64600000000000001865 0.95605963646168845571
0.64800000000000002043 0.95434828205457866712
0.6500000000000000222 0.95257358067896236165
0.65200000000000002398 0.95073344882752430784
0.65400000000000002576 0.94882575508821631605
0.65600000000000002753 0.94684832074098157495
0.65800000000000002931 0.94479892053111391714
0.66000000000000003109 0.94267528363274355474
0.66200000000000003286 0.94047509481656088592
0.66400000000000003464 0.93819599583616808403
0.66600000000000003642 0.93583558704789393534
0.66800000000000003819 0.93339142927930052185
0.67000000000000003997 0.93086104596181018511
0.67200000000000004174 0.92824192554304352232
0.67400000000000004352 0.92553152419474049584
0.6760000000000000453 0.9227272688318924887
0.67800000000000004707 0.91982656045882127405
0.68000000000000004885 0.91682677785759181255
0.68200000000000005063 0.91372528163380040134
0.6840000000000000524 0.91051941863419139089
0.68600000000000005418 0.90720652674999879839
0.68800000000000005596 0.90378394011875118341
0.69000000000000005773 0.90024899473647101988
0.69200000000000005951 0.8965990344905596654
0.69400000000000006128 0.89283141762238660277
0.69600000000000006306 0.88894352362657491629
0.69800000000000006484 0.88493276059194725391
0.70000000000000006661 0.88079657298679836508
0.70200000000000006839 0.87653244988846990005
0.70400000000000007017 0.8721379336541417171
0.70600000000000007194 0.86761062902681995723
0.70800000000000007372 0.86294821266654953007
0.7100000000000000755 0.85814844309339988193
0.71200000000000007727 0.85320917102436488744
0.71400000000000007905 0.84812835008210074594
0.71600000000000008082 0.84290404784858208309
0.7180000000000000826 0.83753445723190900196
0.72000000000000008438 0.8320179081093611595
0.72200000000000008615 0.82635287920439082221
0.72400000000000008793 0.8205380101499355483
0.72600000000000008971 0.81457211368473703139
0.72799999999999998046 0.80845418792387147011
0.72999999999999998224 0.80218342863916447527
0.73199999999999998401 0.79575924147970045208
0.73399999999999998579 0.78918125405743488887
0.73599999999999998757 0.78244932781793896659
0.73799999999999998934 0.7755635696117449962
0.73999999999999999112 0.76852434287752136033
0.74199999999999999289 0.76133227834487304797
0.74399999999999999467 0.75398828416147722908
0.74599999999999999645 0.74649355534718087046
0.74799999999999999822 0.73884958247631982164
0.75 0.73105815948916985647
0.75200000000000000178 0.72312139053397683774
0.75400000000000000355 0.71504169574294473843
0.75600000000000000533 0.7068218158482648672
0.75800000000000000711 0.69846481554859352059
0.76000000000000000888 0.68997408554169492589
0.76200000000000001066 0.68135334314567785885
0.76400000000000001243 0.67260663143920540463
0.76600000000000001421 0.663738316860308597
0.76800000000000001599 0.6547530852138195856
0.77000000000000001776 0.64565593604900450853
0.77200000000000001954 0.63645217538160869797
0.77400000000000002132 0.62714740674798452602
0.77600000000000002309 0.61774752059331639042
0.77800000000000002487 0.60825868201086075171
0.78000000000000002665 0.59868731686439058404
0.78200000000000002842 0.58904009634168819076
0.7840000000000000302 0.57932392000239174568
0.78600000000000003197 0.56954589739894945222
0.78800000000000003375 0.55971332836426335167
0.79000000000000003553 0.54983368207388938487
0.7920000000000000373 0.53991457500394335334
0.79400000000000003908 0.52996374791810263449
0.79600000000000004086 0.5199890420279555947
0.79800000000000004263 0.50999837448033435994
0.80000000000000004441 0.49999971333294529474
0.80200000000000004619 0.49000105218555695119
0.80400000000000004796 0.48001038463793477273
0.80600000000000004974 0.4700356787477865117
0.80800000000000005151 0.46008485166194418303
0.81000000000000005329 0.45016574459199754088
0.81200000000000005507 0.44028609830162529493
0.81400000000000005684 0.430453529266939805
0.81600000000000005862 0.42067550666349651234
0.8180000000000000604 0.41095933032419906805
0.82000000000000006217 0.40131210980149623069
0.82200000000000006395 0.39174074465502728426
0.82400000000000006573 0.38225190607257064634
0.8260000000000000675 0.37285201991790295484
0.82800000000000006928 0.36354725128427589631
0.83000000000000007105 0.35434349061687953064
0.83200000000000007283 0.34524634145206539726
0.83400000000000007461 0.33626110980557522012
0.83600000000000007638 0.32739279522667663613
0.83800000000000007816 0.31864608352020301618
0.84000000000000007994 0.31002534112418417278
0.84200000000000008171 0.30153461111728552257
0.84400000000000008349 0.29317761081761328779
0.84600000000000008527 0.28495773092293164019
0.84800000000000008704 0.27687803613189843066
0.85000000000000008882 0.26894126717670618909
0.85200000000000009059 0.2611498441895531708
0.85400000000000009237 0.25350587131869239954
0.85600000000000009415 0.2460111425043929323
0.8579999999999999849 0.23866714832099636401
0.85999999999999998668 0.23147508378834638632
0.86199999999999998845 0.224435857054121779
0.86399999999999999023 0.2175500988479252551
0.86599999999999999201 0.21081817260843016548
0.86799999999999999378 0.20424018518616135487
0.86999999999999999556 0.19781599802669580512
0.87199999999999999734 0.19154523874198711719
0.87399999999999999911 0.18542731298111969629
0.87600000000000000089 0.17946141651591793198
0.87800000000000000266 0.17364654746146093722
0.88000000000000000444 0.16798151855648763009
0.88200000000000000622 0.16246496943393570755
0.88400000000000000799 0.15709537881726340358
0.88600000000000000977 0.15187107658374235375
0.88800000000000001155 0.14679025564147485383
0.89000000000000001332 0.14185098357243525191
0.8920000000000000151 0.13705121399928055226
0.89400000000000001688 0.13238879763900943121
0.89600000000000001865 0.12786149301168542314
0.89800000000000002043 0.12346697677735586629
0.9000000000000000222 0.11920285367901727047
0.90200000000000002398 0.11506666607386870083
0.90400000000000002576 0.11105590303923493223
0.90600000000000002753 0.10716800904341912404
0.90800000000000002931 0.10340039217524449322
0.91000000000000003109 0.099750431929328545189
0.91200000000000003286 0.096215486547042081145
0.91400000000000003464 0.092792899915792703691
0.91600000000000003642 0.089480008031592200846
0.91800000000000003819 0.086274145031979082576
0.92000000000000003997 0.083172648808179289182
0.92200000000000004174 0.080172866206947857037
0.92400000000000004352 0.077272157833871590871
0.9260000000000000453 0.074467902471015701149
0.92800000000000004707 0.071757501122705458219
0.93000000000000004885 0.069138380703932966753
0.93200000000000005063 0.066607997386432568621
0.9340000000000000524 0.064163839617835644047
0.93600000000000005418 0.061803430829553897274
0.93800000000000005596 0.059524331849152949114
0.94000000000000005773 0.057324143032964125499
0.94200000000000005951 0.055200506134583757212
0.94400000000000006128 0.053151105924704886152
0.94600000000000006306 0.051173671577464018012
0.94800000000000006484 0.049265977838145458279
0.95000000000000006661 0.047425845986696552048
0.95200000000000006839 0.045651144611070892942
0.95400000000000007017 0.04393979020394694901
0.95600000000000007194 0.042289747595865567753
0.95800000000000007372 0.040699030237311292768
0.9600000000000000755 0.039165700341719983379
0.96200000000000007727 0.037687868900853252474
0.96400000000000007905 0.036263695583423183333
0.96600000000000008082 0.034891388527302544253
0.9680000000000000826 0.033569204035102204187
0.97000000000000008438 0.032295446182359313636
0.97200000000000008615 0.031068466347046078818
0.97400000000000008793 0.029886662668583585667
0.97600000000000008971 0.028748479444046924625
0.97800000000000009148 0.027652406468746459217
0.98000000000000009326 0.026596978327902517925
0.98200000000000009504 0.02558077364566949119
0.98399999999999998579 0.02460241429732831428
0.98599999999999998757 0.023660564590044959321
0.98799999999999998934 0.02275393041719236259
0.98999999999999999112 0.021881258390851796025
0.99199999999999999289 0.02104133495674657961
0.99399999999999999467 0.020232985495518305413
0.99599999999999999645 0.01945507341392966813
0.99799999999999999822 0.018706499229274663187
1 0.017986199649984064425
