500.000000
-1 1.537159458773543097
-0.99799999999999999822 1.5392141018535876462
-0.99599999999999999645 1.5412719825904612758
-0.99399999999999999467 1.5433317479402766104
-0.99199999999999999289 1.545392390331202126
-0.98999999999999999112 1.547453362422448464
-0.98799999999999998934 1.5495146868016418384
-0.98599999999999998757 1.5515770419698196037
-0.98399999999999998579 1.5536417365639831889
-0.98199999999999998401 1.5557105318439217179
-0.97999999999999998224 1.5577853812518107635
-0.97799999999999998046 1.5598681644959979664
-0.97599999999999997868 1.5619604764239243266
-0.97399999999999997691 1.5640635241994804705
-0.97199999999999997513 1.5661780945600602966
-0.96999999999999997335 1.5683044792024243286
-0.96799999999999997158 1.570442356567374631
-0.9659999999999999698 1.5725907240506757923
-0.96399999999999996803 1.5747479558320853776
-0.96199999999999996625 1.5769120249428136837
-0.95999999999999996447 1.5790808684068637913
-0.9579999999999999627 1.5812527163879450676
-0.95599999999999996092 1.5834262507472569581
-0.95399999999999995914 1.5856006316868582751
-0.95199999999999995737 1.5877754980034817223
-0.94999999999999995559 1.5899509900493211667
-0.94799999999999995381 1.5921278509969831738
-0.94599999999999995204 1.5943074892938340348
-0.94399999999999995026 1.5964918388298094953
-0.94199999999999994849 1.5986830321080516271
-0.93999999999999994671 1.6008830697332965265
-0.93799999999999994493 1.6030935693639245532
-0.93599999999999994316 1.6053157051109838704
-0.9340000000000000524 1.6075502794245730698
-0.93200000000000005063 1.6097977284317237512
-0.93000000000000004885 1.6120579779148496158
-0.92800000000000004707 1.6143303276114497891
-0.9260000000000000453 1.6166134189694345569
-0.92400000000000004352 1.6189053937045327913
-0.92200000000000004174 1.6212042299467328554
-0.92000000000000003997 1.6235080420692935554
-0.91800000000000003819 1.6258151770844304629
-0.91600000000000003642 1.6281242933421491426
-0.91400000000000003464 1.6304344748476196081
-0.91200000000000003286 1.6327454473383173905
-0.91000000000000003109 1.6350578126281432034
-0.90800000000000002931 1.637373027867571107
-0.90600000000000002753 1.6396930354477239344
-0.90400000000000002576 1.642019912334805376
-0.90200000000000002398 1.6443556519117836778
-0.9000000000000000222 1.646702082394795541
-0.89800000000000002043 1.6490607845886371408
-0.89600000000000001865 1.6514329021674374331
-0.89400000000000001688 1.6538189506524845207
-0.8920000000000000151 1.656218876962457287
-0.89000000000000001332 1.6586322334932455114
-0.88800000000000001155 1.6610582809934755222
-0.88600000000000000977 1.6634959306093772824
-0.88400000000000000799 1.6659436627185040258
-0.88200000000000000622 1.6683996120241573191
-0.88000000000000000444 1.670861845628734299
-0.87800000000000000266 1.6733286439652723665
-0.87600000000000000089 1.6757986685025216822
-0.87399999999999999911 1.6782710578713977423
-0.87199999999999999734 1.6807455622750531177
-0.86999999999999999556 1.6832227228023963761
-0.86799999999999999378 1.6857039596389851166
-0.86599999999999999201 1.6881914225388690021
-0.86399999999999999023 1.6906876133596020484
-0.86199999999999998845 1.6931949644328350146
-0.85999999999999998668 1.6957155722191017411
-0.8579999999999999849 1.6982511228117294078
-0.85599999999999998312 1.7008028635577248089
-0.85399999999999998135 1.7033714660863239487
-0.85199999999999997957 1.705956806336593079
-0.8499999999999999778 1.7085578587118868121
-0.84799999999999997602 1.7111728681646722894
-0.84599999999999997424 1.7137997438517600379
-0.84399999999999997247 1.7164364316161235813
-0.84199999999999997069 1.7190810687146707014
-0.83999999999999996891 1.7217319582405412604
-0.83799999999999996714 1.7243875761408666847
-0.83599999999999996536 1.7270467620608129788
-0.83399999999999996358 1.7297090212021797306
-0.83199999999999996181 1.7323747207148798566
-0.82999999999999996003 1.735045050692520352
-0.82799999999999995826 1.7377218289491493941
-0.82599999999999995648 1.7404073249180305183
-0.8239999999999999547 1.7431041649369345414
-0.82199999999999995293 1.7458152021120802999
-0.81999999999999995115 1.7485432102034677015
-0.81799999999999994937 1.7512904329333087716
-0.8159999999999999476 1.7540581950755940177
-0.81399999999999994582 1.7568467584080635913
-0.81199999999999994404 1.759655409106045898
-0.80999999999999994227 1.762482615202699332
-0.80800000000000005151 1.7653261498026757703
-0.80600000000000004974 1.7681832396169689936
-0.80400000000000004796 1.7710508451485629244
-0.80200000000000004619 1.7739260443810702661
-0.80000000000000004441 1.776806353169273045
-0.79800000000000004263 1.7796898705521435602
-0.79600000000000004086 1.7825753409622471235
-0.79400000000000003908 1.7854623256789405872
-0.7920000000000000373 1.7883515227818149729
-0.79000000000000003553 1.7912450213730615189
-0.78800000000000003375 1.7941462194329425017
-0.78600000000000003197 1.7970593646163344204
-0.7840000000000000302 1.7999889512286875171
-0.78200000000000002842 1.8029392315199102015
-0.78000000000000002665 1.8059138806940029376
-0.77800000000000002487 1.8089156806696224944
-0.77600000000000002309 1.8119461658259117254
-0.77400000000000002132 1.8150053629562568069
-0.77200000000000001954 1.8180917622421000068
-0.77000000000000001776 1.8212024456049351606
-0.76800000000000001599 1.8243331786821701535
-0.76600000000000001421 1.8274784771532139871
-0.76400000000000001243 1.8306319731793743166
-0.76200000000000001066 1.8337873730571483399
-0.76000000000000000888 1.8369398096303499734
-0.75800000000000000711 1.8400869255995078166
-0.75600000000000000533 1.8432291180637916383
-0.75400000000000000355 1.8463689911965279755
-0.75200000000000000178 1.8495105994274569916
-0.75 1.8526590195833871899
-0.74799999999999999822 1.8558203003303268552
-0.74599999999999999645 1.8590014473156508679
-0.74399999999999999467 1.8622101193677997877
-0.74199999999999999289 1.8654539478444234213
-0.73999999999999999112 1.8687395555542885006
-0.73799999999999998934 1.8720714349677292088
-0.73599999999999998757 1.8754509862399713072
-0.73399999999999998579 1.8788761225229002605
-0.73199999999999998401 1.8823416413246363277
-0.72999999999999998224 1.885840051133656381
-0.72799999999999998046 1.8893622347620540047
-0.72599999999999997868 1.8928976723012491679
-0.72399999999999997691 1.8964346672596574805
-0.72199999999999997513 1.8999613238410080207
-0.71999999999999997335 1.9034675329959762635
-0.71799999999999997158 1.9069474271604089921
-0.7159999999999999698 1.9104014020182551459
-0.71399999999999996803 1.9138370160638868978
-0.71199999999999996625 1.9172684457104400835
-0.70999999999999996447 1.9207144717212139007
-0.7079999999999999627 1.9241953850108584056
-0.70599999999999996092 1.9277297286073284965
-0.70399999999999995914 1.9313319308840048993
-0.70199999999999995737 1.9350112751568815384
-0.69999999999999995559 1.9387717734251477264
-0.69799999999999995381 1.942612231238304954
-0.69599999999999995204 1.9465262478649916211
-0.69399999999999995026 1.950502348869149305
-0.69199999999999994849 1.9545243733728212554
-0.68999999999999994671 1.9585720709319280886
-0.68799999999999994493 1.9626222277435165786
-0.68599999999999994316 1.9666511850622221402
-0.68399999999999994138 1.9706392967078363299
-0.6819999999999999396 1.9745764641940526385
-0.67999999999999993783 1.9784665264077503366
-0.67800000000000004707 1.9823282437909477416
-0.6760000000000000453 1.9861919755671104681
-0.67400000000000004352 1.9900930059206807243
-0.67200000000000004174 1.9940639479515802623
-0.67000000000000003997 1.9981291008757189331
-0.66800000000000003819 2.0023025295738401397
-0.66600000000000003642 2.006589255391737936
-0.66400000000000003464 2.0109870118497417124
-0.66200000000000003286 2.0154864313462743652
-0.66000000000000003109 2.0200700699968461294
-0.65800000000000002931 2.0247128259348530221
-0.65600000000000002753 2.0293858972067231328
-0.65400000000000002576 2.0340639121427157576
-0.65200000000000002398 2.0387324739401546658
-0.6500000000000000222 2.0433926982786263515
-0.64800000000000002043 2.0480604790879448629
-0.64600000000000001865 2.0527606054762412846
-0.64400000000000001688 2.0575186026430953845
-0.6420000000000000151 2.0623546717925429483
-0.64000000000000001332 2.0672828019331026539
-0.63800000000000001155 2.0723146038401649704
-0.63600000000000000977 2.0774645255196784177
-0.63400000000000000799 2.0827529912510889254
-0.63200000000000000622 2.0882059383895850146
-0.63000000000000000444 2.0938511586427717148
-0.62800000000000000266 2.0997128956862911586
-0.62600000000000000089 2.1058065321752490462
-0.62399999999999999911 2.1121349284912964706
-0.62199999999999999734 2.1186869717850198569
-0.61999999999999999556 2.1254378264263453779
-0.61799999999999999378 2.1323501384346519316
-0.61599999999999999201 2.1393760009201745476
-0.61399999999999999023 2.1464600044259465328
-0.61199999999999998845 2.1535435374616120896
-0.60999999999999998668 2.160569802673655726
-0.6079999999999999849 2.167488492217523266
-0.60599999999999998312 2.1742592616528422234
-0.60399999999999998135 2.1808537570484918255
-0.60199999999999997957 2.1872562688475563064
-0.5999999999999999778 2.1934630188916086624
-0.59799999999999997602 2.1994802483303139695
-0.59599999999999997424 2.2053217927481014726
-0.59399999999999997247 2.2110068886972413793
-0.59199999999999997069 2.2165582201666129691
-0.58999999999999996891 2.2219997279594694284
-0.58799999999999996714 2.227354194491020678
-0.58599999999999996536 2.2326411952752929224
-0.58399999999999996358 2.2378757739665751103
-0.58199999999999996181 2.243067739372825109
-0.57999999999999996003 2.2482215840095314263
-0.57799999999999995826 2.2533372597031293694
-0.57599999999999995648 2.258411767984672025
-0.5739999999999999547 2.2634410547739292063
-0.57199999999999995293 2.2684216640448475744
-0.56999999999999995115 2.2733518774596830347
-0.56799999999999994937 2.2782322216630785938
-0.5659999999999999476 2.2830653177550059851
-0.56399999999999994582 2.2878552792222199841
-0.56199999999999994404 2.2926070227502699517
-0.55999999999999994227 2.2973257143554919324
-0.55799999999999994049 2.3020163389123728948
-0.55599999999999993872 2.306683306368666031
-0.55399999999999993694 2.3113300622431922626
-0.55200000000000004619 2.3159587463610904479
-0.55000000000000004441 2.3205699883907744407
-0.54800000000000004263 2.3251629396332376132
-0.54600000000000004086 2.3297355779754269633
-0.54400000000000003908 2.3342852093478327902
-0.5420000000000000373 2.3388090209450744794
-0.54000000000000003553 2.3433045519385817812
-0.53800000000000003375 2.3477699801088576237
-0.53600000000000003197 2.3522041837033977885
-0.5340000000000000302 2.3566066635073852353
-0.53200000000000002842 2.3609775017349736714
-0.53000000000000002665 2.3653174392772866597
-0.52800000000000002487 2.3696279605535428558
-0.52600000000000002309 2.3739112457694995229
-0.52400000000000002132 2.378169990611446849
-0.52200000000000001954 2.382407165268913829
-0.52000000000000001776 2.3866257326337869671
-0.51800000000000001599 2.3908283409301791522
-0.51600000000000001421 2.3950170769549470329
-0.51400000000000001243 2.3991933343139377754
-0.51200000000000001066 2.4033577319080228207
-0.51000000000000000888 2.4075100403430962359
-0.50800000000000000711 2.4116491939975190917
-0.50600000000000000533 2.4157734486140021168
-0.50400000000000000355 2.4198806064751705591
-0.50200000000000000178 2.4239682124923911388
-0.5 2.4280337343035593989
-0.49799999999999999822 2.4320747715848316517
-0.49599999999999999645 2.4360892595277809924
-0.49399999999999999467 2.4400756142206736499
-0.49199999999999999289 2.4440328486953726284
-0.48999999999999999112 2.4479607140103594176
-0.48799999999999998934 2.4518598231247543673
-0.48599999999999998757 2.4557316453450854787
-0.48399999999999998579 2.4595783212341770785
-0.48199999999999998401 2.4634023646482399172
-0.47999999999999998224 2.4672063534063113366
-0.47799999999999998046 2.4709926574015197431
-0.47599999999999997868 2.474763205730578175
-0.47399999999999997691 2.4785193127149112158
-0.47199999999999997513 2.4822616049238952485
-0.46999999999999997335 2.485990058530931357
-0.46799999999999997158 2.4897041024867685444
-0.4659999999999999698 2.4934027320569027708
-0.46399999999999996803 2.4970846157987645064
-0.46199999999999996625 2.5007482213069041066
-0.45999999999999996447 2.504391987995331359
-0.4579999999999999627 2.5080145313987922684
-0.45599999999999996092 2.5116148198747731968
-0.45400000000000001465 2.5151922822598438145
-0.45200000000000001288 2.5187468517461670814
-0.4500000000000000111 2.5222789607772844178
-0.44800000000000000933 2.5257894800254376833
-0.44600000000000000755 2.5292795844164999153
-0.44400000000000000577 2.5327505545538411269
-0.442000000000000004 2.5362035603614230261
-0.44000000000000000222 2.5396394700761950602
-0.43800000000000000044 2.5430587378805711296
-0.43599999999999999867 2.5464613152203989799
-0.43399999999999999689 2.5498467415266552472
-0.43199999999999999512 2.5532142441626568541
-0.42999999999999999334 2.5565628440555805412
-0.42799999999999999156 2.5598914654703217586
-0.42599999999999998979 2.5631990368500181532
-0.42399999999999998801 2.5664845882853120074
-0.42199999999999998623 2.5697473490709215049
-0.41999999999999998446 2.5729868296748108492
-0.41799999999999998268 2.5762028650644364092
-0.4159999999999999809 2.5793956118804981514
-0.41399999999999997913 2.5825655175406172503
-0.41199999999999997735 2.5857132810857383909
-0.40999999999999997558 2.5888398129966505579
-0.4079999999999999738 2.5919461950844269182
-0.40599999999999997202 2.595033644338803569
-0.40399999999999997025 2.5981034786122072511
-0.40199999999999996847 2.6011570848615388485
-0.39999999999999996669 2.6041958636707773778
-0.39799999999999996492 2.6072211400639115908
-0.39599999999999996314 2.6102339582036035992
-0.39399999999999996136 2.6132349216127259695
-0.3920000000000000151 2.6162240065666981792
-0.39000000000000001332 2.6192004472763601441
-0.38800000000000001155 2.622162743634675941
-0.38600000000000000977 2.6251087796736660707
-0.38400000000000000799 2.6280360441151220385
-0.38200000000000000622 2.6309419428996765333
-0.38000000000000000444 2.6338241581870622809
-0.37800000000000000266 2.6366809782463507261
-0.37600000000000000089 2.6395115329019973593
-0.37399999999999999911 2.6423158935857742335
-0.37199999999999999734 2.6450950225066680588
-0.36999999999999999556 2.6478505746793139508
-0.36799999999999999378 2.6505845752316083974
-0.36599999999999999201 2.6532990270344809502
-0.36399999999999999023 2.6559955479343901885
-0.36199999999999998845 2.6586751497180034498
-0.35999999999999998668 2.6613382008678061474
-0.3579999999999999849 2.6639845476465144891
-0.35599999999999998312 2.66661364088548547
-0.35399999999999998135 2.6692247002145008672
-0.35199999999999997957 2.671816739548765085
-0.3499999999999999778 2.674388534675618434
-0.34799999999999997602 2.6769385940976699878
-0.34599999999999997424 2.6794651675342864294
-0.34399999999999997247 2.681966342051026686
-0.34199999999999997069 2.684440255792572394
-0.33999999999999996891 2.6868854063231051299
-0.33799999999999996714 2.6893009884874410353
-0.33599999999999996536 2.6916871408152323042
-0.33399999999999996358 2.6940450268300937253
-0.33199999999999996181 2.6963767309529598215
-0.32999999999999996003 2.6986849977487707974
-0.32799999999999995826 2.7009729032226443834
-0.32600000000000001199 2.7032435425106760007
-0.32400000000000001021 2.705499782154900501
-0.32200000000000000844 2.707744101992814123
-0.32000000000000000666 2.7099785162085905377
-0.31800000000000000488 2.7122045379145411914
-0.31600000000000000311 2.7144230918773448735
-0.31400000000000000133 2.7166344528295702787
-0.31199999999999999956 2.7188380981754578514
-0.30999999999999999778 2.7210326229439045775
-0.307999999999999996 2.7232157960253200457
-0.30599999999999999423 2.7253847639420207827
-0.30399999999999999245 2.7275363960206386871
-0.30199999999999999067 2.7296677233362247605
-0.2999999999999999889 2.7317764311750138972
-0.29799999999999998712 2.7338612060515852242
-0.29599999999999998535 2.7359219130725538349
-0.29399999999999998357 2.7379594795453296996
-0.29199999999999998179 2.7399754596351426628
-0.28999999999999998002 2.7419715138129792109
-0.28799999999999997824 2.7439489247904624847
-0.28599999999999997646 2.7459082713502058759
-0.28399999999999997469 2.7478493622089139592
-0.28199999999999997291 2.749771481973994014
-0.27999999999999997113 2.7516739016772695514
-0.27799999999999996936 2.7535564928484079772
-0.27599999999999996758 2.7554201987096282878
-0.27399999999999996581 2.757267257045581843
-0.27199999999999996403 2.7591009530593630927
-0.26999999999999996225 2.7609250216941054745
-0.26799999999999996048 2.7627428389481467619
-0.2659999999999999587 2.7645565856862592824
-0.26400000000000001243 2.7663666020276984625
-0.26200000000000001066 2.7681711587479194137
-0.26000000000000000888 2.7699666468660524288
-0.25800000000000000711 2.7717484802581671133
-0.25600000000000000533 2.7735120590637496463
-0.25400000000000000355 2.7752537074148531104
-0.25200000000000000178 2.7769717093882668735
-0.24999999999999997224 2.7786666505704342711
-0.24799999999999999822 2.7803412236285218739
-0.24599999999999999645 2.7819995456971389203
-0.24399999999999999467 2.7836461690466105523
-0.24199999999999999289 2.7852850532631259206
-0.23999999999999999112 2.7869187485697755058
-0.23799999999999998934 2.7885479691463403995
-0.23599999999999998757 2.7901716315184286188
-0.23399999999999998579 2.791787376967376666
-0.23199999999999998401 2.7933923179909987411
-0.22999999999999998224 2.7949838560277573407
-0.22799999999999998046 2.7965603049600122887
-0.22599999999999997868 2.7981211137885004803
-0.22399999999999997691 2.7996665870679300347
-0.22199999999999997513 2.8011973235997045251
-0.21999999999999997335 2.802713413792204733
-0.21799999999999997158 2.8042138730409629233
-0.2159999999999999698 2.8056963790573856699
-0.21399999999999999578 2.8071576190213312074
-0.211999999999999994 2.8085940733448824247
-0.20999999999999999223 2.8100032223883775195
-0.20799999999999999045 2.811384459373036826
-0.20599999999999998868 2.8127396730716203166
-0.2039999999999999869 2.8140730984748576482
-0.20199999999999998512 2.8153904801735030183
-0.19999999999999998335 2.8166977915744171312
-0.19799999999999998157 2.8179998920752775682
-0.19599999999999997979 2.8192995222477814643
-0.19399999999999997802 2.8205969366672869469
-0.19199999999999997624 2.8218901501881776817
-0.18999999999999997446 2.8231757228538389981
-0.18799999999999997269 2.824449781968935369
-0.18599999999999997091 2.8257089637020333939
-0.18399999999999999689 2.8269509868824336252
-0.18199999999999999512 2.8281749113278058516
-0.17999999999999999334 2.8293812425047395465
-0.17799999999999999156 2.830570467143026292
-0.17599999999999998979 2.8317431040405462994
-0.17399999999999998801 2.8328998635219226898
-0.17199999999999998623 2.8340402962733959313
-0.16999999999999998446 2.8351630880999922901
-0.16799999999999998268 2.8362661917861724525
-0.1659999999999999809 2.8373472995938811003
-0.16399999999999997913 2.838404449433217458
-0.16199999999999997735 2.8394366791659826355
-0.15999999999999997558 2.8404445660363739634
-0.1579999999999999738 2.8414304969898132036
-0.15599999999999997202 2.8423985845489427859
-0.15399999999999997025 2.8433542089422463306
-0.15199999999999996847 2.8443032001268071518
-0.14999999999999999445 2.8452508910335501113
-0.14799999999999999267 2.8462012024574869784
-0.1459999999999999909 2.847155954634266628
-0.14399999999999998912 2.8481145099588394132
-0.14199999999999998734 2.8490739595920127059
-0.13999999999999998557 2.8500295438766150014
-0.13799999999999998379 2.8509756983356799864
-0.13599999999999998201 2.8519070428949624407
-0.13399999999999998024 2.8528187180143493862
-0.13199999999999997846 2.8537074995021374235
-0.12999999999999997669 2.8545719740281829679
-0.12799999999999997491 2.8554124596736665254
-0.12599999999999997313 2.8562306752260884224
-0.12399999999999998523 2.8570291722909351151
-0.12199999999999998346 2.8578106945989962817
-0.11999999999999998168 2.8585775907148835984
-0.1179999999999999799 2.8593314009067398729
-0.11599999999999997813 2.8600727029287953407
-0.11399999999999997635 2.8608012049094200258
-0.11199999999999998845 2.861515983435531929
-0.10999999999999998668 2.8622158257624099598
-0.1079999999999999849 2.8628995265900041289
-0.10599999999999998312 2.8635660906045754537
-0.10399999999999998135 2.8642147977660208369
-0.10199999999999997957 2.8648453168318166462
-0.099999999999999977796 2.8654554705987207441
-0.097999999999999976019 2.8660479596166736904
-0.095999999999999974243 2.8666263068598869523
-0.093999999999999986344 2.8671898595243980878
-0.091999999999999984568 2.8677406749436542555
-0.089999999999999982792 2.8682810068770523415
-0.087999999999999981015 2.8688128992643204818
-0.085999999999999979239 2.8693377958327630495
-0.083999999999999977462 2.869856175202614601
-0.081999999999999975686 2.8703673701690877174
-0.079999999999999987788 2.8708696264696280664
-0.077999999999999986011 2.8713604357288753377
-0.075999999999999984235 2.8718370796764212116
-0.073999999999999982458 2.8722972137366609147
-0.071999999999999980682 2.8727393397005029918
-0.069999999999999978906 2.8731630984793143924
-0.067999999999999977129 2.8735692696877332963
-0.065999999999999975353 2.8739595157560144933
-0.063999999999999973577 2.8743359196858797588
-0.061999999999999978739 2.8747005797280387185
-0.059999999999999983902 2.8750498162482913678
-0.057999999999999982125 2.8753900511736141254
-0.055999999999999980349 2.875727039232407467
-0.053999999999999978573 2.8760553365994474539
-0.051999999999999976796 2.8763746126567752981
-0.049999999999999981959 2.8766845741854085716
-0.047999999999999980183 2.8769850655899658065
-0.045999999999999978406 2.8772761510096218629
-0.043999999999999983569 2.8775580341375075477
-0.041999999999999981792 2.8778308813693898038
-0.039999999999999980016 2.8780945939996920302
-0.03799999999999997824 2.8783486397005493274
-0.035999999999999976463 2.8785920028143587857
-0.033999999999999981626 2.8788232514537295259
-0.031999999999999979849 2.8790407163364202248
-0.029999999999999978073 2.8792427166297627217
-0.027999999999999979766 2.8794276783419054944
-0.025999999999999981459 2.8795943143250664065
-0.023999999999999979683 2.8797420442521435291
-0.021999999999999977907 2.8798712965945529874
-0.0199999999999999796 2.8799752204411150913
-0.017999999999999981293 2.8800621268179877887
-0.015999999999999979516 2.8801402703457874566
-0.013999999999999979475 2.8802047599469933203
-0.011999999999999979433 2.8802618979113274733
-0.0099999999999999793915 2.880329314159837395
-0.0079999999999999793499 2.8804426036697892144
-0.0059999999999999793082 2.8805182702964171604
-0.0039999999999999792666 2.8800288746908244697
-0.001999999999999979225 2.8786226962352756686
2.0816681711721685133e-17 2.8777421784533827598
0.0020000000000000208583 2.8786226962352756686
0.0040000000000000208999 2.8800288746908244697
0.0060000000000000209416 2.8805182702964171604
0.0080000000000000209832 2.8804426036697892144
0.010000000000000021025 2.880329314159837395
0.012000000000000021066 2.8802618979113274733
0.014000000000000021108 2.8802047599469933203
0.01600000000000002115 2.8801402703457874566
0.018000000000000022926 2.8800621268179877887
0.020000000000000021233 2.8799752204411150913
0.02200000000000001954 2.8798712965945529874
0.024000000000000021316 2.8797420442521435291
0.026000000000000023093 2.8795943143250664065
0.0280000000000000214 2.8794276783419054944
0.030000000000000019706 2.8792427166297627217
0.032000000000000021483 2.8790407163364202248
0.034000000000000023259 2.8788232514537295259
0.036000000000000018097 2.8785920028143587857
0.038000000000000019873 2.8783486397005493274
0.040000000000000021649 2.8780945939996920302
0.042000000000000023426 2.8778308813693898038
0.044000000000000025202 2.8775580341375075477
0.04600000000000002004 2.8772761510096218629
0.048000000000000021816 2.8769850655899658065
0.050000000000000023592 2.8766845741854085716
0.05200000000000001843 2.8763746126567752981
0.054000000000000020206 2.8760553365994474539
0.056000000000000021982 2.875727039232407467
0.058000000000000023759 2.8753900511736141254
0.060000000000000025535 2.8750498162482913678
0.062000000000000020373 2.8747005797280387185
0.064000000000000029088 2.8743359196858797588
0.066000000000000016986 2.8739595157560144933
0.068000000000000018763 2.8735692696877332963
0.070000000000000020539 2.8731630984793143924
0.072000000000000022315 2.8727393397005029918
0.074000000000000024092 2.8722972137366609147
0.076000000000000025868 2.8718370796764212116
0.078000000000000027645 2.8713604357288753377
0.080000000000000015543 2.8708696264696280664
0.082000000000000017319 2.8703673701690877174
0.084000000000000019096 2.869856175202614601
0.086000000000000020872 2.8693377958327630495
0.088000000000000022649 2.8688128992643204818
0.090000000000000024425 2.8682810068770523415
0.092000000000000026201 2.8677406749436542555
0.094000000000000027978 2.8671898595243980878
0.096000000000000029754 2.8666263068598869523
0.098000000000000017653 2.8660479596166736904
0.10000000000000001943 2.8654554705987207441
0.10200000000000002121 2.8648453168318166462
0.10400000000000002298 2.8642147977660208369
0.10600000000000002476 2.8635660906045754537
0.10800000000000002653 2.8628995265900041289
0.11000000000000002831 2.8622158257624099598
0.11200000000000001621 2.861515983435531929
0.11400000000000001799 2.8608012049094200258
0.11600000000000001976 2.8600727029287953407
0.11800000000000002154 2.8593314009067398729
0.12000000000000002331 2.8585775907148835984
0.12200000000000002509 2.8578106945989962817
0.12400000000000002687 2.8570291722909351151
0.12600000000000002864 2.8562306752260884224
0.12800000000000003042 2.8554124596736665254
0.1300000000000000322 2.8545719740281829679
0.13200000000000003397 2.8537074995021374235
0.13400000000000003575 2.8528187180143493862
0.13600000000000000977 2.8519070428949624407
0.13800000000000001155 2.8509756983356799864
0.14000000000000001332 2.8500295438766150014
0.1420000000000000151 2.8490739595920127059
0.14400000000000001688 2.8481145099588394132
0.14600000000000001865 2.847155954634266628
0.14800000000000002043 2.8462012024574869784
0.1500000000000000222 2.8452508910335501113
0.15200000000000002398 2.8443032001268071518
0.15400000000000002576 2.8433542089422463306
0.15600000000000002753 2.8423985845489427859
0.15800000000000002931 2.8414304969898132036
0.16000000000000003109 2.8404445660363739634
0.16200000000000003286 2.8394366791659826355
0.16400000000000003464 2.838404449433217458
0.16600000000000003642 2.8373472995938811003
0.16800000000000003819 2.8362661917861724525
0.17000000000000001221 2.8351630880999922901
0.17200000000000001399 2.8340402962733959313
0.17400000000000001577 2.8328998635219226898
0.17600000000000001754 2.8317431040405462994
0.17800000000000001932 2.830570467143026292
0.18000000000000002109 2.8293812425047395465
0.18200000000000002287 2.8281749113278058516
0.18400000000000002465 2.8269509868824336252
0.18600000000000002642 2.8257089637020333939
0.1880000000000000282 2.824449781968935369
0.19000000000000002998 2.8231757228538389981
0.19200000000000003175 2.8218901501881776817
0.19400000000000003353 2.8205969366672869469
0.19600000000000003531 2.8192995222477814643
0.19800000000000003708 2.8179998920752775682
0.2000000000000000111 2.8166977915744171312
0.20200000000000001288 2.8153904801735030183
0.20400000000000001465 2.8140730984748576482
0.20600000000000001643 2.8127396730716203166
0.20800000000000001821 2.811384459373036826
0.21000000000000001998 2.8100032223883775195
0.21200000000000002176 2.8085940733448824247
0.21400000000000002354 2.8071576190213312074
0.21600000000000002531 2.8056963790573856699
0.21800000000000002709 2.8042138730409629233
0.22000000000000002887 2.802713413792204733
0.22200000000000003064 2.8011973235997045251
0.22400000000000003242 2.7996665870679300347
0.22600000000000003419 2.7981211137885004803
0.22800000000000003597 2.7965603049600122887
0.23000000000000003775 2.7949838560277573407
0.23200000000000003952 2.7933923179909987411
0.23400000000000001354 2.791787376967376666
0.23600000000000001532 2.7901716315184286188
0.2380000000000000171 2.7885479691463403995
0.24000000000000001887 2.7869187485697755058
0.24200000000000002065 2.7852850532631259206
0.24400000000000002243 2.7836461690466105523
0.2460000000000000242 2.7819995456971389203
0.24800000000000002598 2.7803412236285218739
0.25 2.7786666505704342711
0.25200000000000000178 2.7769717093882668735
0.25400000000000000355 2.7752537074148531104
0.25600000000000000533 2.7735120590637496463
0.25800000000000000711 2.7717484802581671133
0.26000000000000000888 2.7699666468660524288
0.26200000000000001066 2.7681711587479194137
0.26400000000000001243 2.7663666020276984625
0.26600000000000001421 2.7645565856862592824
0.26800000000000001599 2.7627428389481467619
0.27000000000000001776 2.7609250216941054745
0.27200000000000001954 2.7591009530593630927
0.27400000000000002132 2.757267257045581843
0.27600000000000002309 2.7554201987096282878
0.27800000000000002487 2.7535564928484079772
0.28000000000000002665 2.7516739016772695514
0.28200000000000002842 2.749771481973994014
0.2840000000000000302 2.7478493622089139592
0.28600000000000003197 2.7459082713502058759
0.28800000000000003375 2.7439489247904624847
0.29000000000000003553 2.7419715138129792109
0.2920000000000000373 2.7399754596351426628
0.29400000000000003908 2.7379594795453296996
0.29600000000000004086 2.7359219130725538349
0.29800000000000004263 2.7338612060515852242
0.30000000000000004441 2.7317764311750138972
0.30200000000000004619 2.7296677233362247605
0.30400000000000004796 2.7275363960206386871
0.30600000000000004974 2.7253847639420207827
0.30800000000000005151 2.7232157960253200457
0.31000000000000005329 2.7210326229439045775
0.31200000000000005507 2.7188380981754578514
0.31400000000000000133 2.7166344528295702787
0.31600000000000000311 2.7144230918773448735
0.31800000000000000488 2.7122045379145411914
0.32000000000000000666 2.7099785162085905377
0.32200000000000000844 2.707744101992814123
0.32400000000000001021 2.705499782154900501
0.32600000000000001199 2.7032435425106760007
0.32800000000000001377 2.7009729032226443834
0.33000000000000001554 2.6986849977487707974
0.33200000000000001732 2.6963767309529598215
0.3340000000000000191 2.6940450268300937253
0.33600000000000002087 2.6916871408152323042
0.33800000000000002265 2.6893009884874410353
0.34000000000000002442 2.6868854063231051299
0.3420000000000000262 2.684440255792572394
0.34400000000000002798 2.681966342051026686
0.34600000000000002975 2.6794651675342864294
0.34800000000000003153 2.6769385940976699878
0.35000000000000003331 2.674388534675618434
0.35200000000000003508 2.671816739548765085
0.35400000000000003686 2.6692247002145008672
0.35600000000000003864 2.66661364088548547
0.35800000000000004041 2.6639845476465144891
0.36000000000000004219 2.6613382008678061474
0.36200000000000004396 2.6586751497180034498
0.36400000000000004574 2.6559955479343901885
0.36600000000000004752 2.6532990270344809502
0.36800000000000004929 2.6505845752316083974
0.37000000000000005107 2.6478505746793139508
0.37200000000000005285 2.6450950225066680588
0.37400000000000005462 2.6423158935857742335
0.37600000000000000089 2.6395115329019973593
0.37800000000000000266 2.6366809782463507261
0.38000000000000000444 2.6338241581870622809
0.38200000000000000622 2.6309419428996765333
0.38400000000000000799 2.6280360441151220385
0.38600000000000000977 2.6251087796736660707
0.38800000000000001155 2.622162743634675941
0.39000000000000001332 2.6192004472763601441
0.3920000000000000151 2.6162240065666981792
0.39400000000000001688 2.6132349216127259695
0.39600000000000001865 2.6102339582036035992
0.39800000000000002043 2.6072211400639115908
0.4000000000000000222 2.6041958636707773778
0.40200000000000002398 2.6011570848615388485
0.40400000000000002576 2.5981034786122072511
0.40600000000000002753 2.595033644338803569
0.40800000000000002931 2.5919461950844269182
0.41000000000000003109 2.5888398129966505579
0.41200000000000003286 2.5857132810857383909
0.41400000000000003464 2.5825655175406172503
0.41600000000000003642 2.5793956118804981514
0.41800000000000003819 2.5762028650644364092
0.42000000000000003997 2.5729868296748108492
0.42200000000000004174 2.5697473490709215049
0.42400000000000004352 2.5664845882853120074
0.4260000000000000453 2.5631990368500181532
0.42800000000000004707 2.5598914654703217586
0.43000000000000004885 2.5565628440555805412
0.43200000000000005063 2.5532142441626568541
0.4340000000000000524 2.5498467415266552472
0.43600000000000005418 2.5464613152203989799
0.43800000000000005596 2.5430587378805711296
0.44000000000000005773 2.5396394700761950602
0.442000000000000004 2.5362035603614230261
0.44400000000000000577 2.5327505545538411269
0.44600000000000000755 2.5292795844164999153
0.44800000000000000933 2.5257894800254376833
0.4500000000000000111 2.5222789607772844178
0.45200000000000001288 2.5187468517461670814
0.45400000000000001465 2.5151922822598438145
0.45600000000000001643 2.5116148198747731968
0.45800000000000001821 2.5080145313987922684
0.46000000000000001998 2.504391987995331359
0.46200000000000002176 2.5007482213069041066
0.46400000000000002354 2.4970846157987645064
0.46600000000000002531 2.4934027320569027708
0.46800000000000002709 2.4897041024867685444
0.47000000000000002887 2.485990058530931357
0.47200000000000003064 2.4822616049238952485
0.47400000000000003242 2.4785193127149112158
0.47600000000000003419 2.474763205730578175
0.47800000000000003597 2.4709926574015197431
0.48000000000000003775 2.4672063534063113366
0.48200000000000003952 2.4634023646482399172
0.4840000000000000413 2.4595783212341770785
0.48600000000000004308 2.4557316453450854787
0.48800000000000004485 2.4518598231247543673
0.49000000000000004663 2.4479607140103594176
0.49200000000000004841 2.4440328486953726284
0.49400000000000005018 2.4400756142206736499
0.49600000000000005196 2.4360892595277809924
0.49800000000000005373 2.4320747715848316517
0.5 2.4280337343035593989
0.50200000000000000178 2.4239682124923911388
0.50400000000000000355 2.4198806064751705591
0.50600000000000000533 2.4157734486140021168
0.50800000000000000711 2.4116491939975190917
0.51000000000000000888 2.4075100403430962359
0.51200000000000001066 2.4033577319080228207
0.51400000000000001243 2.3991933343139377754
0.51600000000000001421 2.3950170769549470329
0.51800000000000001599 2.3908283409301791522
0.52000000000000001776 2.3866257326337869671
0.52200000000000001954 2.382407165268913829
0.52400000000000002132 2.378169990611446849
0.52600000000000002309 2.3739112457694995229
0.52800000000000002487 2.3696279605535428558
0.53000000000000002665 2.3653174392772866597
0.53200000000000002842 2.3609775017349736714
0.5340000000000000302 2.3566066635073852353
0.53600000000000003197 2.3522041837033977885
0.53800000000000003375 2.3477699801088576237
0.54000000000000003553 2.3433045519385817812
0.5420000000000000373 2.3388090209450744794
0.54400000000000003908 2.3342852093478327902
0.54600000000000004086 2.3297355779754269633
0.54800000000000004263 2.3251629396332376132
0.55000000000000004441 2.3205699883907744407
0.55200000000000004619 2.3159587463610904479
0.55400000000000004796 2.3113300622431922626
0.55600000000000004974 2.306683306368666031
0.55800000000000005151 2.3020163389123728948
0.56000000000000005329 2.2973257143554919324
0.56200000000000005507 2.2926070227502699517
0.56400000000000005684 2.2878552792222199841
0.56600000000000005862 2.2830653177550059851
0.5680000000000000604 2.2782322216630785938
0.57000000000000006217 2.2733518774596830347
0.57200000000000006395 2.2684216640448475744
0.57400000000000006573 2.2634410547739292063
0.5760000000000000675 2.258411767984672025
0.57800000000000006928 2.2533372597031293694
0.58000000000000007105 2.2482215840095314263
0.58200000000000007283 2.243067739372825109
0.58400000000000007461 2.2378757739665751103
0.58600000000000007638 2.2326411952752929224
0.58800000000000007816 2.227354194491020678
0.59000000000000007994 2.2219997279594694284
0.59200000000000008171 2.2165582201666129691
0.59400000000000008349 2.2110068886972413793
0.59600000000000008527 2.2053217927481014726
0.59800000000000008704 2.1994802483303139695
0.60000000000000008882 2.1934630188916086624
0.60199999999999997957 2.1872562688475563064
0.60399999999999998135 2.1808537570484918255
0.60599999999999998312 2.1742592616528422234
0.6079999999999999849 2.167488492217523266
0.60999999999999998668 2.160569802673655726
0.61199999999999998845 2.1535435374616120896
0.61399999999999999023 2.1464600044259465328
0.61599999999999999201 2.1393760009201745476
0.61799999999999999378 2.1323501384346519316
0.61999999999999999556 2.1254378264263453779
0.62199999999999999734 2.1186869717850198569
0.62399999999999999911 2.1121349284912964706
0.62600000000000000089 2.1058065321752490462
0.62800000000000000266 2.0997128956862911586
0.63000000000000000444 2.0938511586427717148
0.63200000000000000622 2.0882059383895850146
0.63400000000000000799 2.0827529912510889254
0.63600000000000000977 2.0774645255196784177
0.63800000000000001155 2.0723146038401649704
0.64000000000000001332 2.0672828019331026539
0.6420000000000000151 2.0623546717925429483
0.64400000000000001688 2.0575186026430953845
0.64600000000000001865 2.0527606054762412846
0.64800000000000002043 2.0480604790879448629
0.6500000000000000222 2.0433926982786263515
0.65200000000000002398 2.0387324739401546658
0.65400000000000002576 2.0340639121427157576
0.65600000000000002753 2.0293858972067231328
0.65800000000000002931 2.0247128259348530221
0.66000000000000003109 2.0200700699968461294
0.66200000000000003286 2.0154864313462743652
0.66400000000000003464 2.0109870118497417124
0.66600000000000003642 2.006589255391737936
0.66800000000000003819 2.0023025295738401397
0.67000000000000003997 1.9981291008757189331
0.67200000000000004174 1.9940639479515802623
0.67400000000000004352 1.9900930059206807243
0.6760000000000000453 1.9861919755671104681
0.67800000000000004707 1.9823282437909477416
0.68000000000000004885 1.9784665264077503366
0.68200000000000005063 1.9745764641940526385
0.6840000000000000524 1.9706392967078363299
0.68600000000000005418 1.9666511850622221402
0.68800000000000005596 1.9626222277435165786
0.69000000000000005773 1.9585720709319280886
0.69200000000000005951 1.9545243733728212554
0.69400000000000006128 1.950502348869149305
0.69600000000000006306 1.9465262478649916211
0.69800000000000006484 1.942612231238304954
0.70000000000000006661 1.9387717734251477264
0.70200000000000006839 1.9350112751568815384
0.70400000000000007017 1.9313319308840048993
0.70600000000000007194 1.9277297286073284965
0.70800000000000007372 1.9241953850108584056
0.7100000000000000755 1.9207144717212139007
0.71200000000000007727 1.9172684457104400835
0.71400000000000007905 1.9138370160638868978
0.71600000000000008082 1.9104014020182551459
0.7180000000000000826 1.9069474271604089921
0.72000000000000008438 1.9034675329959762635
0.72200000000000008615 1.8999613238410080207
0.72400000000000008793 1.8964346672596574805
0.72600000000000008971 1.8928976723012491679
0.72799999999999998046 1.8893622347620540047
0.72999999999999998224 1.885840051133656381
0.73199999999999998401 1.8823416413246363277
0.73399999999999998579 1.8788761225229002605
0.73599999999999998757 1.8754509862399713072
0.73799999999999998934 1.8720714349677292088
0.73999999999999999112 1.8687395555542885006
0.74199999999999999289 1.8654539478444234213
0.74399999999999999467 1.8622101193677997877
0.74599999999999999645 1.8590014473156508679
0.74799999999999999822 1.8558203003303268552
0.75 1.8526590195833871899
0.75200000000000000178 1.8495105994274569916
0.75400000000000000355 1.8463689911965279755
0.75600000000000000533 1.8432291180637916383
0.75800000000000000711 1.8400869255995078166
0.76000000000000000888 1.8369398096303499734
0.76200000000000001066 1.8337873730571483399
0.76400000000000001243 1.8306319731793743166
0.76600000000000001421 1.8274784771532139871
0.76800000000000001599 1.8243331786821701535
0.77000000000000001776 1.8212024456049351606
0.77200000000000001954 1.8180917622421000068
0.77400000000000002132 1.8150053629562568069
0.77600000000000002309 1.8119461658259117254
0.77800000000000002487 1.8089156806696224944
0.78000000000000002665 1.8059138806940029376
0.78200000000000002842 1.8029392315199102015
0.7840000000000000302 1.7999889512286875171
0.78600000000000003197 1.7970593646163344204
0.78800000000000003375 1.7941462194329425017
0.79000000000000003553 1.7912450213730615189
0.7920000000000000373 1.7883515227818149729
0.79400000000000003908 1.7854623256789405872
0.79600000000000004086 1.7825753409622471235
0.79800000000000004263 1.7796898705521435602
0.80000000000000004441 1.776806353169273045
0.80200000000000004619 1.7739260443810702661
0.80400000000000004796 1.7710508451485629244
0.80600000000000004974 1.7681832396169689936
0.80800000000000005151 1.7653261498026757703
0.81000000000000005329 1.762482615202699332
0.81200000000000005507 1.759655409106045898
0.81400000000000005684 1.7568467584080635913
0.81600000000000005862 1.7540581950755940177
0.8180000000000000604 1.7512904329333087716
0.82000000000000006217 1.7485432102034677015
0.82200000000000006395 1.7458152021120802999
0.82400000000000006573 1.7431041649369345414
0.8260000000000000675 1.7404073249180305183
0.82800000000000006928 1.7377218289491493941
0.83000000000000007105 1.735045050692520352
0.83200000000000007283 1.7323747207148798566
0.83400000000000007461 1.7297090212021797306
0.83600000000000007638 1.7270467620608129788
0.83800000000000007816 1.7243875761408666847
0.84000000000000007994 1.7217319582405412604
0.84200000000000008171 1.7190810687146707014
0.84400000000000008349 1.7164364316161235813
0.84600000000000008527 1.7137997438517600379
0.84800000000000008704 1.7111728681646722894
0.85000000000000008882 1.7085578587118868121
0.85200000000000009059 1.705956806336593079
0.85400000000000009237 1.7033714660863239487
0.85600000000000009415 1.7008028635577248089
0.8579999999999999849 1.6982511228117294078
0.85999999999999998668 1.6957155722191017411
0.86199999999999998845 1.6931949644328350146
0.86399999999999999023 1.6906876133596020484
0.86599999999999999201 1.6881914225388690021
0.86799999999999999378 1.6857039596389851166
0.86999999999999999556 1.6832227228023963761
0.87199999999999999734 1.6807455622750531177
0.87399999999999999911 1.6782710578713977423
0.87600000000000000089 1.6757986685025216822
0.87800000000000000266 1.6733286439652723665
0.88000000000000000444 1.670861845628734299
0.88200000000000000622 1.6683996120241573191
0.88400000000000000799 1.6659436627185040258
0.88600000000000000977 1.6634959306093772824
0.88800000000000001155 1.6610582809934755222
0.89000000000000001332 1.6586322334932455114
0.8920000000000000151 1.656218876962457287
0.89400000000000001688 1.6538189506524845207
0.89600000000000001865 1.6514329021674374331
0.89800000000000002043 1.6490607845886371408
0.9000000000000000222 1.646702082394795541
0.90200000000000002398 1.6443556519117836778
0.90400000000000002576 1.642019912334805376
0.90600000000000002753 1.6396930354477239344
0.90800000000000002931 1.637373027867571107
0.91000000000000003109 1.6350578126281432034
0.91200000000000003286 1.6327454473383173905
0.91400000000000003464 1.6304344748476196081
0.91600000000000003642 1.6281242933421491426
0.91800000000000003819 1.6258151770844304629
0.92000000000000003997 1.6235080420692935554
0.92200000000000004174 1.6212042299467328554
0.92400000000000004352 1.6189053937045327913
0.9260000000000000453 1.6166134189694345569
0.92800000000000004707 1.6143303276114497891
0.93000000000000004885 1.6120579779148496158
0.93200000000000005063 1.6097977284317237512
0.9340000000000000524 1.6075502794245730698
0.93600000000000005418 1.6053157051109838704
0.93800000000000005596 1.6030935693639245532
0.94000000000000005773 1.6008830697332965265
0.94200000000000005951 1.5986830321080516271
0.94400000000000006128 1.5964918388298094953
0.94600000000000006306 1.5943074892938340348
0.94800000000000006484 1.5921278509969831738
0.95000000000000006661 1.5899509900493211667
0.95200000000000006839 1.5877754980034817223
0.95400000000000007017 1.5856006316868582751
0.95600000000000007194 1.5834262507472569581
0.95800000000000007372 1.5812527163879450676
0.9600000000000000755 1.5790808684068637913
0.96200000000000007727 1.5769120249428136837
0.96400000000000007905 1.5747479558320853776
0.96600000000000008082 1.5725907240506757923
0.9680000000000000826 1.570442356567374631
0.97000000000000008438 1.5683044792024243286
0.97200000000000008615 1.5661780945600602966
0.97400000000000008793 1.5640635241994804705
0.97600000000000008971 1.5619604764239243266
0.97800000000000009148 1.5598681644959979664
0.98000000000000009326 1.5577853812518107635
0.98200000000000009504 1.5557105318439217179
0.98399999999999998579 1.5536417365639831889
0.98599999999999998757 1.5515770419698196037
0.98799999999999998934 1.5495146868016418384
0.98999999999999999112 1.547453362422448464
0.99199999999999999289 1.545392390331202126
0.99399999999999999467 1.5433317479402766104
0.99599999999999999645 1.5412719825904612758
0.99799999999999999822 1.5392141018535876462
1 1.537159458773543097
