0.000000
-1 0.017986209962091305459
-0.99799999999999999822 0.018706509954354414577
-0.99599999999999999645 0.019455084568192709121
-0.99399999999999999467 0.02023299709578513933
-0.99199999999999999289 0.02104134702046802155
-0.98999999999999999112 0.021881270936130160776
-0.98799999999999998934 0.022753943462803731534
-0.98599999999999998757 0.023660578155460916527
-0.98399999999999998579 0.024602428402739108526
-0.98199999999999998401 0.025580788312007329832
-0.97999999999999998224 0.026596993576865485265
-0.97799999999999998046 0.027652422322822764467
-0.97599999999999997868 0.028748495926539538448
-0.97399999999999997691 0.029886679803635830821
-0.97199999999999997513 0.031068484159667029976
-0.96999999999999997335 0.032295464698450099261
-0.96799999999999997158 0.033569223281482055143
-0.9659999999999999698 0.03489140853173636897
-0.96399999999999996803 0.036263716374647814167
-0.96199999999999996625 0.037687890508605367823
-0.95999999999999996447 0.039165722796763807745
-0.9579999999999999627 0.040699053571465929058
-0.95599999999999996092 0.042289771842033169191
-0.95399999999999995914 0.043939815396140682879
-0.95199999999999995737 0.045651170784443119433
-0.94999999999999995559 0.04742587317756608023
-0.94799999999999995381 0.049266006084025981693
-0.94599999999999995204 0.051173700917090850226
-0.94399999999999995026 0.053151136398062945321
-0.94199999999999994849 0.055200537782933600806
-0.93999999999999994671 0.057324175898867943402
-0.93799999999999994493 0.059524365976500764885
-0.93599999999999994316 0.061803466263587708562
-0.9340000000000000524 0.064163876405172959316
-0.93200000000000005063 0.066608035575089541425
-0.93000000000000004885 0.069138420343345760588
-0.92800000000000004707 0.07175754226375027911
-0.9260000000000000453 0.074467945166026963677
-0.92400000000000004352 0.077272202136659029481
-0.92200000000000004174 0.080172912172811069964
-0.92000000000000003997 0.083172696493921352556
-0.91800000000000003819 0.08627419449591507139
-0.91600000000000003642 0.089480059333560138524
-0.91400000000000003464 0.09279295311715571315
-0.91200000000000003286 0.096215541710691424027
-0.91000000000000003109 0.099750489119683621864
-0.90800000000000002931 0.10340045145824812434
-0.90600000000000002753 0.10716807048652658707
-0.90400000000000002576 0.11105596671140585685
-0.90200000000000002398 0.11506673204554802858
-0.9000000000000000222 0.11920292202211586752
-0.89800000000000002043 0.12346704756522240698
-0.89600000000000001865 0.12786156631907927284
-0.89400000000000001688 0.13238887354206335667
-0.8920000000000000151 0.13705129257545761723
-0.89000000000000001332 0.14185106490048576822
-0.88800000000000001155 0.14679033980137998205
-0.88600000000000000977 0.15187116365665664919
-0.88400000000000000799 0.15709546888545028454
-0.88200000000000000622 0.16246506258069373652
-0.88000000000000000444 0.16798161486607299242
-0.87800000000000000266 0.17364664701900264787
-0.87600000000000000089 0.17946151940732382735
-0.87399999999999999911 0.18542741929297928971
-0.87199999999999999734 0.19154534856146482324
-0.86999999999999999556 0.19781611144141483805
-0.86799999999999999378 0.20424030228408807108
-0.86599999999999999201 0.21081829347774361239
-0.86399999999999999023 0.21755022357688372225
-0.86199999999999998845 0.22443598573092266024
-0.85999999999999998668 0.23147521650097838131
-0.8579999999999999849 0.23866728515708543479
-0.85599999999999998312 0.24601128355104745493
-0.85399999999999998135 0.25350601666233341103
-0.85199999999999997957 0.26114999391574622578
-0.8499999999999999778 0.26894142136999032999
-0.84799999999999997602 0.27687819487560449971
-0.84599999999999997424 0.28495789429900519885
-0.84399999999999997247 0.29317777890642737759
-0.84199999999999997069 0.30153478399745536898
-0.83999999999999996891 0.31002551887238183337
-0.83799999999999996714 0.31864626621096781012
-0.83599999999999996536 0.32739298293223395575
-0.83399999999999996358 0.33626130259563979941
-0.83199999999999996181 0.34524653939367405675
-0.82999999999999996003 0.35434369377419672187
-0.82799999999999995826 0.36354745971842661323
-0.82599999999999995648 0.37285223368679720757
-0.8239999999999999547 0.38225212523074258986
-0.82199999999999995293 0.39174096925347678955
-0.81999999999999995115 0.40131233988753928221
-0.81799999999999994937 0.41095956594132576623
-0.8159999999999999476 0.42067574785124117742
-0.81399999999999994582 0.43045377606076123955
-0.81199999999999994404 0.4402863507327972048
-0.80999999999999994227 0.45016600268751172376
-0.80800000000000005151 0.46008511544442293184
-0.80600000000000004974 0.47003594823541638981
-0.80400000000000004796 0.4800106598444061623
-0.80200000000000004619 0.49000133312002197572
-0.80000000000000004441 0.49999999999998645528
-0.79800000000000004263 0.50999866687995243364
-0.79600000000000004086 0.51998934015556685928
-0.79400000000000003908 0.52996405176455552155
-0.7920000000000000373 0.53991488455554970116
-0.79000000000000003553 0.5498339973124611868
-0.78800000000000003375 0.55971364926717481758
-0.78600000000000003197 0.56954622393921072732
-0.7840000000000000302 0.57932425214873228825
-0.78200000000000002842 0.58904043405864692229
-0.78000000000000002665 0.59868766011243279568
-0.77800000000000002487 0.60825903074649345648
-0.77600000000000002309 0.61774787476922776719
-0.77400000000000002132 0.62714776631317237232
-0.77200000000000001954 0.63645254028154174541
-0.77000000000000001776 0.64565630622577252495
-0.76800000000000001599 0.65475346060629668887
-0.76600000000000001421 0.66373869740432722697
-0.76400000000000001243 0.67260701706773418085
-0.76200000000000001066 0.68135373378899755092
-0.76000000000000000888 0.68997448112758541505
-0.75800000000000000711 0.69846521600250932593
-0.75600000000000000533 0.70682222109353565198
-0.75400000000000000355 0.71504210570095705357
-0.75200000000000000178 0.72312180512435531021
-0.75 0.73105857862996914687
-0.74799999999999999822 0.73885000608421380619
-0.74599999999999999645 0.74649398333762273516
-0.74399999999999999467 0.7539887164489074145
-0.74199999999999999289 0.76133271484286801911
-0.73999999999999999112 0.76852478349897490606
-0.73799999999999998934 0.77556401426903032181
-0.73599999999999998757 0.78244977642306723364
-0.73399999999999998579 0.78918170652220409611
-0.73199999999999998401 0.79575969771585819412
-0.72999999999999998224 0.80218388855852995611
-0.72799999999999998046 0.80845465143847961009
-0.72599999999999997868 0.81457258070695837127
-0.72399999999999997691 0.82053848059261347281
-0.72199999999999997513 0.82635335298093304246
-0.71999999999999997335 0.83201838513386194851
-0.71799999999999997158 0.83753493741923634719
-0.7159999999999999698 0.84290453111447916079
-0.71399999999999996803 0.84812883634326974303
-0.71199999999999996625 0.85320966019854216356
-0.70999999999999996447 0.85814893509943401817
-0.7079999999999999627 0.86294870742445972667
-0.70599999999999996092 0.86761112645784965736
-0.70399999999999995914 0.87213843368083066032
-0.70199999999999995737 0.87653295243468631881
-0.69999999999999995559 0.88079707797778739042
-0.69799999999999995381 0.88493326795435112153
-0.69599999999999995204 0.88894403328848992096
-0.69399999999999995026 0.89283192951336409759
-0.69199999999999994849 0.89659954854163914639
-0.68999999999999994671 0.90024951088019977696
-0.68799999999999994493 0.90378445828918674287
-0.68599999999999994316 0.90720704688271724958
-0.68399999999999994138 0.91051994066630781433
-0.6819999999999999396 0.91372580550394788546
-0.67999999999999993783 0.91682730350593744095
-0.67800000000000004707 0.9198270878270432549
-0.6760000000000000453 0.92272779786318770423
-0.67400000000000004352 0.92553205483381262297
-0.67200000000000004174 0.92824245773608238252
-0.67000000000000003997 0.93086157965648208545
-0.66800000000000003819 0.9333919644247313796
-0.66600000000000003642 0.93583612359464019015
-0.66400000000000003464 0.93819653373621980652
-0.66200000000000003286 0.94047563402329670268
-0.66000000000000003109 0.94267582410092176648
-0.65800000000000002931 0.9447994622168474077
-0.65600000000000002753 0.94684886360171094388
-0.65400000000000002576 0.94882629908267213104
-0.65200000000000002398 0.950733993915728548
-0.6500000000000000222 0.95257412682217890154
-0.64800000000000002043 0.95434882921529085031
-0.64600000000000001865 0.95606018460358088706
-0.64400000000000001688 0.95771022815767847813
-0.6420000000000000151 0.95930094642823426909
-0.64000000000000001332 0.96083427720292491347
-0.63800000000000001155 0.96231210949106760211
-0.63600000000000000977 0.96373628362501428946
-0.63400000000000000799 0.96510859146791228014
-0.63200000000000000622 0.9664307767181529174
-0.63000000000000000444 0.96770453530116906649
-0.62800000000000000266 0.96893151583993541998
-0.62600000000000000089 0.97011332019595097886
-0.62399999999999999911 0.97125150407303029176
-0.62199999999999999734 0.97234757767673085649
-0.61999999999999999556 0.97340300642266974762
-0.61799999999999999378 0.97441921168750800231
-0.61599999999999999201 0.97539757159675644083
-0.61399999999999999023 0.97633942184401456554
-0.61199999999999998845 0.9772460565366505314
-0.60999999999999998668 0.97811872906330010746
-0.6079999999999999849 0.97895865297893958079
-0.60599999999999998312 0.97976700290360085877
-0.60399999999999998135 0.98054491543116784058
-0.60199999999999997957 0.9812934900449795661
-0.5999999999999999778 0.98201379003721644967
-0.59799999999999997602 0.98270684342937297817
-0.59599999999999997424 0.98337364389136860954
-0.59399999999999997247 0.98401515165701614052
-0.59199999999999997069 0.98463229443391064866
-0.58999999999999996891 0.98522596830588138328
-0.58799999999999996714 0.98579703862643042189
-0.58599999999999996536 0.98634634090173334275
-0.58399999999999996358 0.98687468166194258767
-0.58199999999999996181 0.98738283931966863705
-0.57999999999999996003 0.98787156501469475245
-0.57799999999999995826 0.98834158344409139829
-0.57599999999999995648 0.98879359367703789641
-0.5739999999999999547 0.9892282699536952828
-0.57199999999999995293 0.98964626246769737961
-0.56999999999999995115 0.99004819813183420063
-0.56799999999999994937 0.99043468132659662206
-0.5659999999999999476 0.99080629463134795021
-0.56399999999999994582 0.99116359953797239513
-0.56199999999999994404 0.99150713714687532807
-0.55999999999999994227 0.99183742884530068373
-0.55799999999999994049 0.99215497696794197058
-0.55599999999999993872 0.99246026543995846669
-0.55399999999999993694 0.99275376040243301645
-0.55200000000000004619 0.99303591082042941274
-0.55000000000000004441 0.99330714907383421686
-0.54800000000000004263 0.99356789153112379243
-0.54600000000000004086 0.99381853910635209459
-0.54400000000000003908 0.99405947779953973686
-0.5420000000000000373 0.99429107922076931381
-0.54000000000000003553 0.99451370109825398824
-0.53800000000000003375 0.99472768777066056245
-0.53600000000000003197 0.99493337066404652358
-0.5340000000000000302 0.99513106875365242576
-0.53200000000000002842 0.99532108901095428521
-0.53000000000000002665 0.99550372683625498738
-0.52800000000000002487 0.99567926647716964439
-0.52600000000000002309 0.99584798143336006326
-0.52400000000000002132 0.99601013484784450824
-0.52200000000000001954 0.99616597988521238261
-0.52000000000000001776 0.99631576009714040154
-0.51800000000000001599 0.99645970977548903313
-0.51600000000000001421 0.99659805429337322558
-0.51400000000000001243 0.99673101043449974235
-0.51200000000000001066 0.99685878671115091265
-0.51000000000000000888 0.99698158367110933931
-0.50800000000000000711 0.99709959419386118284
-0.50600000000000000533 0.99721300377642541068
-0.50400000000000000355 0.99732199080907069089
-0.50200000000000000178 0.99742672684127919869
-0.5 0.99752737683825731807
-0.49799999999999999822 0.99762409942823737641
-0.49599999999999999645 0.99771704714096054456
-0.49399999999999999467 0.99780636663753063953
-0.49199999999999999289 0.99789219893196012823
-0.48999999999999999112 0.99797467960470909176
-0.48799999999999998934 0.99805393900841887778
-0.48599999999999998757 0.99813010246615485599
-0.48399999999999998579 0.99820329046238476245
-0.48199999999999998401 0.99827361882694032325
-0.47999999999999998224 0.99834119891220240994
-0.47799999999999998046 0.99840613776376307964
-0.47599999999999997868 0.99846853828473891568
-0.47399999999999997691 0.9985284993940148901
-0.47199999999999997513 0.99858611617859405207
-0.46999999999999997335 0.99864148004026187522
-0.46799999999999997158 0.99869467883678320064
-0.4659999999999999698 0.99874579701781862617
-0.46399999999999996803 0.99879491575572398876
-0.46199999999999996625 0.99884211307146575365
-0.45999999999999996447 0.99888746395576810677
-0.4579999999999999627 0.99893104048572234355
-0.45599999999999996092 0.99897291193696935441
-0.45400000000000001465 0.99901314489165637944
-0.45200000000000001288 0.99905180334230236916
-0.4500000000000000111 0.99908894879171050718
-0.44800000000000000933 0.99912464034911585564
-0.44600000000000000755 0.99915893482264606096
-0.44400000000000000577 0.99919188680828496807
-0.442000000000000004 0.99922354877543173579
-0.44000000000000000222 0.99925397114920155861
-0.43800000000000000044 0.99928320238957957233
-0.43599999999999999867 0.99931128906754929098
-0.43399999999999999689 0.99933827593831625613
-0.43199999999999999512 0.9993642060116970649
-0.42999999999999999334 0.99938912061984563895
-0.42799999999999999156 0.99941305948235314993
-0.42599999999999998979 0.99943606076886215561
-0.42399999999999998801 0.99945816115926278123
-0.42199999999999998623 0.99947939590157475198
-0.41999999999999998446 0.99949979886761375347
-0.41799999999999998268 0.99951940260649174697
-0.4159999999999999809 0.99953823839606148471
-0.41399999999999997913 0.99955633629239359905
-0.41199999999999997735 0.99957372517730913586
-0.40999999999999997558 0.9995904328041029796
-0.4079999999999999738 0.99960648584150368912
-0.40599999999999997202 0.99962190991588895095
-0.40399999999999997025 0.99963672965193128839
-0.40199999999999996847 0.99965096871161873704
-0.39999999999999996669 0.99966464983178127124
-0.39799999999999996492 0.99967779486017427359
-0.39599999999999996314 0.99969042479014880165
-0.39399999999999996136 0.99970255979396616119
-0.3920000000000000151 0.99971421925485581816
-0.39000000000000001332 0.99972542179778722815
-0.38800000000000001155 0.99973618531908048368
-0.38600000000000000977 0.99974652701483301964
-0.38400000000000000799 0.99975646340828216996
-0.38200000000000000622 0.99976601037605361544
-0.38000000000000000444 0.99977518317344771237
-0.37800000000000000266 0.99978399645868398782
-0.37600000000000000089 0.99979246431624724245
-0.37399999999999999911 0.99980060027929051891
-0.37199999999999999734 0.99980841735118930469
-0.36999999999999999556 0.99981592802624863481
-0.36799999999999999378 0.99982314430960339546
-0.36599999999999999201 0.99983007773633947313
-0.36399999999999999023 0.99983673938987549512
-0.36199999999999998845 0.99984313991961049073
-0.35999999999999998668 0.99984928955792318206
-0.3579999999999999849 0.99985519813646073217
-0.35599999999999998312 0.99986087510182852789
-0.35399999999999998135 0.99986632953063758755
-0.35199999999999997957 0.99987157014399086208
-0.3499999999999999778 0.99987660532139521763
-0.34799999999999997602 0.99988144311411464304
-0.34599999999999997424 0.99988609125802918598
-0.34399999999999997247 0.99989055718597585898
-0.34199999999999997069 0.9998948480395974947
-0.33999999999999996891 0.99989897068075328512
-0.33799999999999996714 0.99990293170246602461
-0.33599999999999996536 0.99990673743944713525
-0.33399999999999996358 0.99991039397821246393
-0.33199999999999996181 0.99991390716678441031
-0.32999999999999996003 0.99991728262405943362
-0.32799999999999995826 0.99992052574874512594
-0.32600000000000001199 0.99992364172801084798
-0.32400000000000001021 0.99992663554575422769
-0.32200000000000000844 0.99992951199056989697
-0.32000000000000000666 0.99993227566339615286
-0.31800000000000000488 0.99993493098486396775
-0.31600000000000000311 0.99993748220236011726
-0.31400000000000000133 0.99993993339681619403
-0.31199999999999999956 0.99994228848922139807
-0.30999999999999999778 0.99994455124689407555
-0.307999999999999996 0.99994672528949835044
-0.30599999999999999423 0.99994881409483193924
-0.30399999999999999245 0.99995082100438203998
-0.30199999999999999067 0.99995274922866106415
-0.2999999999999999889 0.99995460185235007788
-0.29799999999999998712 0.99995638183921597975
-0.29599999999999998535 0.99995809203685648292
-0.29399999999999998357 0.99995973518124992019
-0.29199999999999998179 0.99996131390113318638
-0.28999999999999998002 0.99996283072219160903
-0.28799999999999997824 0.99996428807110826487
-0.28599999999999997646 0.99996568827944831703
-0.28399999999999997469 0.99996703358736860334
-0.28199999999999997291 0.99996832614721631316
-0.27999999999999997113 0.99996956802696024269
-0.27799999999999996936 0.99997076121350125799
-0.27599999999999996758 0.99997190761585408314
-0.27399999999999996581 0.9999730090681872019
-0.27199999999999996403 0.99997406733277072188
-0.26999999999999996225 0.99997508410278335145
-0.26799999999999996048 0.99997606100502844928
-0.2659999999999999587 0.99997699960252628415
-0.26400000000000001243 0.99997790139702324996
-0.26200000000000001066 0.99997876783138406331
-0.26000000000000000888 0.99997960029191379494
-0.25800000000000000711 0.99998040011055500109
-0.25600000000000000533 0.99998116856703422872
-0.25400000000000000355 0.9999819068909070463
-0.25200000000000000178 0.99998261626351914177
-0.24999999999999997224 0.99998329781989503395
-0.24799999999999999822 0.99998395265056039261
-0.24599999999999999645 0.99998458180327609579
-0.24399999999999999467 0.99998518628473409553
-0.24199999999999999289 0.99998576706213837539
-0.23999999999999999112 0.99998632506477813653
-0.23799999999999998934 0.99998686118550461632
-0.23599999999999998757 0.99998737628215117468
-0.23399999999999998579 0.99998787117892340426
-0.23199999999999998401 0.99998834666769920165
-0.22999999999999998224 0.99998880350930685612
-0.22799999999999998046 0.99998924243474807128
-0.22599999999999997868 0.99998966414634204991
-0.22399999999999997691 0.99999006931887868266
-0.22199999999999997513 0.99999045860068180858
-0.21999999999999997335 0.9999908326146473847
-0.21799999999999997158 0.99999119195924457415
-0.2159999999999999698 0.99999153720946765134
-0.21399999999999999578 0.99999186891776603581
-0.211999999999999994 0.99999218761491348584
-0.20999999999999999223 0.99999249381087229605
-0.20799999999999999045 0.99999278799559754294
-0.20599999999999998868 0.99999307063982667554
-0.2039999999999999869 0.99999334219583224659
-0.20199999999999998512 0.99999360309814400161
-0.19999999999999998335 0.99999385376424310135
-0.19799999999999998157 0.9999940945952346949
-0.19599999999999997979 0.99999432597648829635
-0.19399999999999997802 0.99999454827824629799
-0.19199999999999997624 0.99999476185622937496
-0.18999999999999997446 0.99999496705219803605
-0.18799999999999997269 0.99999516419449607785
-0.18599999999999997091 0.999995353598589376
-0.18399999999999999689 0.99999553556754916528
-0.18199999999999999512 0.99999571039256096583
-0.17999999999999999334 0.9999958783533733353
-0.17799999999999999156 0.9999960397187530603
-0.17599999999999998979 0.99999619474691647802
-0.17399999999999998801 0.99999634368593048883
-0.17199999999999998623 0.99999648677412489306
-0.16999999999999998446 0.99999662424046797948
-0.16799999999999998268 0.99999675630493123357
-0.1659999999999999809 0.99999688317883839161
-0.16399999999999997913 0.99999700506521649324
-0.16199999999999997735 0.99999712215910163682
-0.15999999999999997558 0.99999723464786716143
-0.1579999999999999738 0.99999734271151452525
-0.15599999999999997202 0.99999744652296784775
-0.15399999999999997025 0.99999754624834524819
-0.15199999999999996847 0.99999764204722674243
-0.14999999999999999445 0.99999773407290371008
-0.14799999999999999267 0.99999782247263990786
-0.1459999999999999909 0.99999790738788973954
-0.14399999999999998912 0.999997988954537953
-0.14199999999999998734 0.99999806730310270009
-0.13999999999999998557 0.99999814255895524973
-0.13799999999999998379 0.99999821484252360282
-0.13599999999999998201 0.99999828426947423576
-0.13399999999999998024 0.99999835095090294779
-0.13199999999999997846 0.99999841499351660445
-0.12999999999999997669 0.99999847649979223263
-0.12799999999999997491 0.99999853556815465616
-0.12599999999999997313 0.99999859229312171305
-0.12399999999999998523 0.99999864676546856845
-0.12199999999999998346 0.99999869907235938715
-0.11999999999999998168 0.99999874929749521524
-0.1179999999999999799 0.99999879752125120369
-0.11599999999999997813 0.99999884382078885192
-0.11399999999999997635 0.9999988882702010029
-0.11199999999999998845 0.99999893094061109711
-0.10999999999999998668 0.99999897190030817562
-0.1079999999999999849 0.9999990112148272603
-0.10599999999999998312 0.99999904894708402381
-0.10399999999999998135 0.99999908515745838944
-0.10199999999999997957 0.99999911990389300787
-0.099999999999999977796 0.99999915324199206701
-0.097999999999999976019 0.99999918522509900765
-0.095999999999999974243 0.99999921590439289076
-0.093999999999999986344 0.99999924532897366269
-0.091999999999999984568 0.99999927354592121898
-0.089999999999999982792 0.99999930060038877411
-0.087999999999999981015 0.99999932653566991902
-0.085999999999999979239 0.99999935139326556754
-0.083999999999999977462 0.99999937521295545473
-0.081999999999999975686 0.99999939803285520235
-0.079999999999999987788 0.99999941988947804727
-0.077999999999999986011 0.99999944081780423044
-0.075999999999999984235 0.99999946085132151996
-0.073999999999999982458 0.99999948002208494113
-0.071999999999999980682 0.99999949836077783871
-0.069999999999999978906 0.99999951589673818919
-0.067999999999999977129 0.99999953265803198654
-0.065999999999999975353 0.9999995486714799986
-0.063999999999999973577 0.99999956396270650583
-0.061999999999999978739 0.99999957855618115676
-0.059999999999999983902 0.99999959247525749273
-0.057999999999999982125 0.99999960574220903009
-0.055999999999999980349 0.99999961837826167876
-0.053999999999999978573 0.99999963040364103772
-0.051999999999999976796 0.99999964183758571767
-0.049999999999999981959 0.99999965269839596882
-0.047999999999999980183 0.99999966300344955705
-0.045999999999999978406 0.99999967276923573678
-0.043999999999999983569 0.99999968201138633717
-0.041999999999999981792 0.99999969074468797459
-0.039999999999999980016 0.99999969898311358296
-0.03799999999999997824 0.99999970673984606151
-0.035999999999999976463 0.99999971402730403192
-0.033999999999999981626 0.99999972085714339265
-0.031999999999999979849 0.99999972724029329019
-0.029999999999999978073 0.9999997331869739936
-0.027999999999999979766 0.99999973870669300879
-0.025999999999999981459 0.99999974380829070864
-0.023999999999999979683 0.99999974849992789849
-0.021999999999999977907 0.99999975278910624432
-0.0199999999999999796 0.99999975668269569518
-0.017999999999999981293 0.99999976018692915414
-0.015999999999999979516 0.99999976330740703023
-0.013999999999999979475 0.99999976604912810263
-0.011999999999999979433 0.99999976841647875148
-0.0099999999999999793915 0.99999977041324417115
-0.0079999999999999793499 0.99999977204262469055
-0.0059999999999999793082 0.9999997733072240047
-0.0039999999999999792666 0.99999977420906571712
-0.001999999999999979225 0.99999977474959333978
2.0816681711721685133e-17 0.99999977492967306869
0.0020000000000000208583 0.99999977474959333978
0.0040000000000000208999 0.99999977420906571712
0.0060000000000000209416 0.9999997733072240047
0.0080000000000000209832 0.99999977204262469055
0.010000000000000021025 0.99999977041324417115
0.012000000000000021066 0.99999976841647875148
0.014000000000000021108 0.99999976604912810263
0.01600000000000002115 0.99999976330740703023
0.018000000000000022926 0.99999976018692915414
0.020000000000000021233 0.99999975668269569518
0.02200000000000001954 0.99999975278910624432
0.024000000000000021316 0.99999974849992789849
0.026000000000000023093 0.99999974380829070864
0.0280000000000000214 0.99999973870669300879
0.030000000000000019706 0.9999997331869739936
0.032000000000000021483 0.99999972724029329019
0.034000000000000023259 0.99999972085714339265
0.036000000000000018097 0.99999971402730403192
0.038000000000000019873 0.99999970673984606151
0.040000000000000021649 0.99999969898311358296
0.042000000000000023426 0.99999969074468797459
0.044000000000000025202 0.99999968201138633717
0.04600000000000002004 0.99999967276923573678
0.048000000000000021816 0.99999966300344955705
0.050000000000000023592 0.99999965269839596882
0.05200000000000001843 0.99999964183758571767
0.054000000000000020206 0.99999963040364103772
0.056000000000000021982 0.99999961837826167876
0.058000000000000023759 0.99999960574220903009
0.060000000000000025535 0.99999959247525749273
0.062000000000000020373 0.99999957855618115676
0.064000000000000029088 0.99999956396270650583
0.066000000000000016986 0.9999995486714799986
0.068000000000000018763 0.99999953265803198654
0.070000000000000020539 0.99999951589673818919
0.072000000000000022315 0.99999949836077783871
0.074000000000000024092 0.99999948002208494113
0.076000000000000025868 0.99999946085132151996
0.078000000000000027645 0.99999944081780423044
0.080000000000000015543 0.99999941988947804727
0.082000000000000017319 0.99999939803285520235
0.084000000000000019096 0.99999937521295545473
0.086000000000000020872 0.99999935139326556754
0.088000000000000022649 0.99999932653566991902
0.090000000000000024425 0.99999930060038877411
0.092000000000000026201 0.99999927354592121898
0.094000000000000027978 0.99999924532897366269
0.096000000000000029754 0.99999921590439289076
0.098000000000000017653 0.99999918522509900765
0.10000000000000001943 0.99999915324199206701
0.10200000000000002121 0.99999911990389300787
0.10400000000000002298 0.99999908515745838944
0.10600000000000002476 0.99999904894708402381
0.10800000000000002653 0.9999990112148272603
0.11000000000000002831 0.99999897190030817562
0.11200000000000001621 0.99999893094061109711
0.11400000000000001799 0.9999988882702010029
0.11600000000000001976 0.99999884382078885192
0.11800000000000002154 0.99999879752125120369
0.12000000000000002331 0.99999874929749521524
0.12200000000000002509 0.99999869907235938715
0.12400000000000002687 0.99999864676546856845
0.12600000000000002864 0.99999859229312171305
0.12800000000000003042 0.99999853556815465616
0.1300000000000000322 0.99999847649979223263
0.13200000000000003397 0.99999841499351660445
0.13400000000000003575 0.99999835095090294779
0.13600000000000000977 0.99999828426947423576
0.13800000000000001155 0.99999821484252360282
0.14000000000000001332 0.99999814255895524973
0.1420000000000000151 0.99999806730310270009
0.14400000000000001688 0.999997988954537953
0.14600000000000001865 0.99999790738788973954
0.14800000000000002043 0.99999782247263990786
0.1500000000000000222 0.99999773407290371008
0.15200000000000002398 0.99999764204722674243
0.15400000000000002576 0.99999754624834524819
0.15600000000000002753 0.99999744652296784775
0.15800000000000002931 0.99999734271151452525
0.16000000000000003109 0.99999723464786716143
0.16200000000000003286 0.99999712215910163682
0.16400000000000003464 0.99999700506521649324
0.16600000000000003642 0.99999688317883839161
0.16800000000000003819 0.99999675630493123357
0.17000000000000001221 0.99999662424046797948
0.17200000000000001399 0.99999648677412489306
0.17400000000000001577 0.99999634368593048883
0.17600000000000001754 0.99999619474691647802
0.17800000000000001932 0.9999960397187530603
0.18000000000000002109 0.9999958783533733353
0.18200000000000002287 0.99999571039256096583
0.18400000000000002465 0.99999553556754916528
0.18600000000000002642 0.999995353598589376
0.1880000000000000282 0.99999516419449607785
0.19000000000000002998 0.99999496705219803605
0.19200000000000003175 0.99999476185622937496
0.19400000000000003353 0.99999454827824629799
0.19600000000000003531 0.99999432597648829635
0.19800000000000003708 0.9999940945952346949
0.2000000000000000111 0.99999385376424310135
0.20200000000000001288 0.99999360309814400161
0.20400000000000001465 0.99999334219583224659
0.20600000000000001643 0.99999307063982667554
0.20800000000000001821 0.99999278799559754294
0.21000000000000001998 0.99999249381087229605
0.21200000000000002176 0.99999218761491348584
0.21400000000000002354 0.99999186891776603581
0.21600000000000002531 0.99999153720946765134
0.21800000000000002709 0.99999119195924457415
0.22000000000000002887 0.9999908326146473847
0.22200000000000003064 0.99999045860068180858
0.22400000000000003242 0.99999006931887868266
0.22600000000000003419 0.99998966414634204991
0.22800000000000003597 0.99998924243474807128
0.23000000000000003775 0.99998880350930685612
0.23200000000000003952 0.99998834666769920165
0.23400000000000001354 0.99998787117892340426
0.23600000000000001532 0.99998737628215117468
0.2380000000000000171 0.99998686118550461632
0.24000000000000001887 0.99998632506477813653
0.24200000000000002065 0.99998576706213837539
0.24400000000000002243 0.99998518628473409553
0.2460000000000000242 0.99998458180327609579
0.24800000000000002598 0.99998395265056039261
0.25 0.99998329781989503395
0.25200000000000000178 0.99998261626351914177
0.25400000000000000355 0.9999819068909070463
0.25600000000000000533 0.99998116856703422872
0.25800000000000000711 0.99998040011055500109
0.26000000000000000888 0.99997960029191379494
0.26200000000000001066 0.99997876783138406331
0.26400000000000001243 0.99997790139702324996
0.26600000000000001421 0.99997699960252628415
0.26800000000000001599 0.99997606100502844928
0.27000000000000001776 0.99997508410278335145
0.27200000000000001954 0.99997406733277072188
0.27400000000000002132 0.9999730090681872019
0.27600000000000002309 0.99997190761585408314
0.27800000000000002487 0.99997076121350125799
0.28000000000000002665 0.99996956802696024269
0.28200000000000002842 0.99996832614721631316
0.2840000000000000302 0.99996703358736860334
0.28600000000000003197 0.99996568827944831703
0.28800000000000003375 0.99996428807110826487
0.29000000000000003553 0.99996283072219160903
0.2920000000000000373 0.99996131390113318638
0.29400000000000003908 0.99995973518124992019
0.29600000000000004086 0.99995809203685648292
0.29800000000000004263 0.99995638183921597975
0.30000000000000004441 0.99995460185235007788
0.30200000000000004619 0.99995274922866106415
0.30400000000000004796 0.99995082100438203998
0.30600000000000004974 0.99994881409483193924
0.30800000000000005151 0.99994672528949835044
0.31000000000000005329 0.99994455124689407555
0.31200000000000005507 0.99994228848922139807
0.31400000000000000133 0.99993993339681619403
0.31600000000000000311 0.99993748220236011726
0.31800000000000000488 0.99993493098486396775
0.32000000000000000666 0.99993227566339615286
0.32200000000000000844 0.99992951199056989697
0.32400000000000001021 0.99992663554575422769
0.32600000000000001199 0.99992364172801084798
0.32800000000000001377 0.99992052574874512594
0.33000000000000001554 0.99991728262405943362
0.33200000000000001732 0.99991390716678441031
0.3340000000000000191 0.99991039397821246393
0.33600000000000002087 0.99990673743944713525
0.33800000000000002265 0.99990293170246602461
0.34000000000000002442 0.99989897068075328512
0.3420000000000000262 0.9998948480395974947
0.34400000000000002798 0.99989055718597585898
0.34600000000000002975 0.99988609125802918598
0.34800000000000003153 0.99988144311411464304
0.35000000000000003331 0.99987660532139521763
0.35200000000000003508 0.99987157014399086208
0.35400000000000003686 0.99986632953063758755
0.35600000000000003864 0.99986087510182852789
0.35800000000000004041 0.99985519813646073217
0.36000000000000004219 0.99984928955792318206
0.36200000000000004396 0.99984313991961049073
0.36400000000000004574 0.99983673938987549512
0.36600000000000004752 0.99983007773633947313
0.36800000000000004929 0.99982314430960339546
0.37000000000000005107 0.99981592802624863481
0.37200000000000005285 0.99980841735118930469
0.37400000000000005462 0.99980060027929051891
0.37600000000000000089 0.99979246431624724245
0.37800000000000000266 0.99978399645868398782
0.38000000000000000444 0.99977518317344771237
0.38200000000000000622 0.99976601037605361544
0.38400000000000000799 0.99975646340828216996
0.38600000000000000977 0.99974652701483301964
0.38800000000000001155 0.99973618531908048368
0.39000000000000001332 0.99972542179778722815
0.3920000000000000151 0.99971421925485581816
0.39400000000000001688 0.99970255979396616119
0.39600000000000001865 0.99969042479014880165
0.39800000000000002043 0.99967779486017427359
0.4000000000000000222 0.99966464983178127124
0.40200000000000002398 0.99965096871161873704
0.40400000000000002576 0.99963672965193128839
0.40600000000000002753 0.99962190991588895095
0.40800000000000002931 0.99960648584150368912
0.41000000000000003109 0.9995904328041029796
0.41200000000000003286 0.99957372517730913586
0.41400000000000003464 0.99955633629239359905
0.41600000000000003642 0.99953823839606148471
0.41800000000000003819 0.99951940260649174697
0.42000000000000003997 0.99949979886761375347
0.42200000000000004174 0.99947939590157475198
0.42400000000000004352 0.99945816115926278123
0.4260000000000000453 0.99943606076886215561
0.42800000000000004707 0.99941305948235314993
0.43000000000000004885 0.99938912061984563895
0.43200000000000005063 0.9993642060116970649
0.4340000000000000524 0.99933827593831625613
0.43600000000000005418 0.99931128906754929098
0.43800000000000005596 0.99928320238957957233
0.44000000000000005773 0.99925397114920155861
0.442000000000000004 0.99922354877543173579
0.44400000000000000577 0.99919188680828496807
0.44600000000000000755 0.99915893482264606096
0.44800000000000000933 0.99912464034911585564
0.4500000000000000111 0.99908894879171050718
0.45200000000000001288 0.99905180334230236916
0.45400000000000001465 0.99901314489165637944
0.45600000000000001643 0.99897291193696935441
0.45800000000000001821 0.99893104048572234355
0.46000000000000001998 0.99888746395576810677
0.46200000000000002176 0.99884211307146575365
0.46400000000000002354 0.99879491575572398876
0.46600000000000002531 0.99874579701781862617
0.46800000000000002709 0.99869467883678320064
0.47000000000000002887 0.99864148004026187522
0.47200000000000003064 0.99858611617859405207
0.47400000000000003242 0.9985284993940148901
0.47600000000000003419 0.99846853828473891568
0.47800000000000003597 0.99840613776376307964
0.48000000000000003775 0.99834119891220240994
0.48200000000000003952 0.99827361882694032325
0.4840000000000000413 0.99820329046238476245
0.48600000000000004308 0.99813010246615485599
0.48800000000000004485 0.99805393900841887778
0.49000000000000004663 0.99797467960470909176
0.49200000000000004841 0.99789219893196012823
0.49400000000000005018 0.99780636663753063953
0.49600000000000005196 0.99771704714096054456
0.49800000000000005373 0.99762409942823737641
0.5 0.99752737683825731807
0.50200000000000000178 0.99742672684127919869
0.50400000000000000355 0.99732199080907069089
0.50600000000000000533 0.99721300377642541068
0.50800000000000000711 0.99709959419386118284
0.51000000000000000888 0.99698158367110933931
0.51200000000000001066 0.99685878671115091265
0.51400000000000001243 0.99673101043449974235
0.51600000000000001421 0.99659805429337322558
0.51800000000000001599 0.99645970977548903313
0.52000000000000001776 0.99631576009714040154
0.52200000000000001954 0.99616597988521238261
0.52400000000000002132 0.99601013484784450824
0.52600000000000002309 0.99584798143336006326
0.52800000000000002487 0.99567926647716964439
0.53000000000000002665 0.99550372683625498738
0.53200000000000002842 0.99532108901095428521
0.5340000000000000302 0.99513106875365242576
0.53600000000000003197 0.99493337066404652358
0.53800000000000003375 0.99472768777066056245
0.54000000000000003553 0.99451370109825398824
0.5420000000000000373 0.99429107922076931381
0.54400000000000003908 0.99405947779953973686
0.54600000000000004086 0.99381853910635209459
0.54800000000000004263 0.99356789153112379243
0.55000000000000004441 0.99330714907383421686
0.55200000000000004619 0.99303591082042941274
0.55400000000000004796 0.99275376040243301645
0.55600000000000004974 0.99246026543995846669
0.55800000000000005151 0.99215497696794197058
0.56000000000000005329 0.99183742884530068373
0.56200000000000005507 0.99150713714687532807
0.56400000000000005684 0.99116359953797239513
0.56600000000000005862 0.99080629463134795021
0.5680000000000000604 0.99043468132659662206
0.57000000000000006217 0.99004819813183420063
0.57200000000000006395 0.98964626246769737961
0.57400000000000006573 0.9892282699536952828
0.5760000000000000675 0.98879359367703789641
0.57800000000000006928 0.98834158344409139829
0.58000000000000007105 0.98787156501469475245
0.58200000000000007283 0.98738283931966863705
0.58400000000000007461 0.98687468166194258767
0.58600000000000007638 0.98634634090173334275
0.58800000000000007816 0.98579703862643042189
0.59000000000000007994 0.98522596830588138328
0.59200000000000008171 0.98463229443391064866
0.59400000000000008349 0.98401515165701614052
0.59600000000000008527 0.98337364389136860954
0.59800000000000008704 0.98270684342937297817
0.60000000000000008882 0.98201379003721644967
0.60199999999999997957 0.9812934900449795661
0.60399999999999998135 0.98054491543116784058
0.60599999999999998312 0.97976700290360085877
0.6079999999999999849 0.97895865297893958079
0.60999999999999998668 0.97811872906330010746
0.61199999999999998845 0.9772460565366505314
0.61399999999999999023 0.97633942184401456554
0.61599999999999999201 0.97539757159675644083
0.61799999999999999378 0.97441921168750800231
0.61999999999999999556 0.97340300642266974762
0.62199999999999999734 0.97234757767673085649
0.62399999999999999911 0.97125150407303029176
0.62600000000000000089 0.97011332019595097886
0.62800000000000000266 0.96893151583993541998
0.63000000000000000444 0.96770453530116906649
0.63200000000000000622 0.9664307767181529174
0.63400000000000000799 0.96510859146791228014
0.63600000000000000977 0.96373628362501428946
0.63800000000000001155 0.96231210949106760211
0.64000000000000001332 0.96083427720292491347
0.6420000000000000151 0.95930094642823426909
0.64400000000000001688 0.95771022815767847813
0.64600000000000001865 0.95606018460358088706
0.64800000000000002043 0.95434882921529085031
0.6500000000000000222 0.95257412682217890154
0.65200000000000002398 0.950733993915728548
0.65400000000000002576 0.94882629908267213104
0.65600000000000002753 0.94684886360171094388
0.65800000000000002931 0.9447994622168474077
0.66000000000000003109 0.94267582410092176648
0.66200000000000003286 0.94047563402329670268
0.66400000000000003464 0.93819653373621980652
0.66600000000000003642 0.93583612359464019015
0.66800000000000003819 0.9333919644247313796
0.67000000000000003997 0.93086157965648208545
0.67200000000000004174 0.92824245773608238252
0.67400000000000004352 0.92553205483381262297
0.6760000000000000453 0.92272779786318770423
0.67800000000000004707 0.9198270878270432549
0.68000000000000004885 0.91682730350593744095
0.68200000000000005063 0.91372580550394788546
0.6840000000000000524 0.91051994066630781433
0.68600000000000005418 0.90720704688271724958
0.68800000000000005596 0.90378445828918674287
0.69000000000000005773 0.90024951088019977696
0.69200000000000005951 0.89659954854163914639
0.69400000000000006128 0.89283192951336409759
0.69600000000000006306 0.88894403328848992096
0.69800000000000006484 0.88493326795435112153
0.70000000000000006661 0.88079707797778739042
0.70200000000000006839 0.87653295243468631881
0.70400000000000007017 0.87213843368083066032
0.70600000000000007194 0.86761112645784965736
0.70800000000000007372 0.86294870742445972667
0.7100000000000000755 0.85814893509943401817
0.71200000000000007727 0.85320966019854216356
0.71400000000000007905 0.84812883634326974303
0.71600000000000008082 0.84290453111447916079
0.7180000000000000826 0.83753493741923634719
0.72000000000000008438 0.83201838513386194851
0.72200000000000008615 0.82635335298093304246
0.72400000000000008793 0.82053848059261347281
0.72600000000000008971 0.81457258070695837127
0.72799999999999998046 0.80845465143847961009
0.72999999999999998224 0.80218388855852995611
0.73199999999999998401 0.79575969771585819412
0.73399999999999998579 0.78918170652220409611
0.73599999999999998757 0.78244977642306723364
0.73799999999999998934 0.77556401426903032181
0.73999999999999999112 0.76852478349897490606
0.74199999999999999289 0.76133271484286801911
0.74399999999999999467 0.7539887164489074145
0.74599999999999999645 0.74649398333762273516
0.74799999999999999822 0.73885000608421380619
0.75 0.73105857862996914687
0.75200000000000000178 0.72312180512435531021
0.75400000000000000355 0.71504210570095705357
0.75600000000000000533 0.70682222109353565198
0.75800000000000000711 0.69846521600250932593
0.76000000000000000888 0.68997448112758541505
0.76200000000000001066 0.68135373378899755092
0.76400000000000001243 0.67260701706773418085
0.76600000000000001421 0.66373869740432722697
0.76800000000000001599 0.65475346060629668887
0.77000000000000001776 0.64565630622577252495
0.77200000000000001954 0.63645254028154174541
0.77400000000000002132 0.62714776631317237232
0.77600000000000002309 0.61774787476922776719
0.77800000000000002487 0.60825903074649345648
0.78000000000000002665 0.59868766011243279568
0.78200000000000002842 0.58904043405864692229
0.7840000000000000302 0.57932425214873228825
0.78600000000000003197 0.56954622393921072732
0.78800000000000003375 0.55971364926717481758
0.79000000000000003553 0.5498339973124611868
0.7920000000000000373 0.53991488455554970116
0.79400000000000003908 0.52996405176455552155
0.79600000000000004086 0.51998934015556685928
0.79800000000000004263 0.50999866687995243364
0.80000000000000004441 0.49999999999998645528
0.80200000000000004619 0.49000133312002197572
0.80400000000000004796 0.4800106598444061623
0.80600000000000004974 0.47003594823541638981
0.80800000000000005151 0.46008511544442293184
0.81000000000000005329 0.45016600268751172376
0.81200000000000005507 0.4402863507327972048
0.81400000000000005684 0.43045377606076123955
0.81600000000000005862 0.42067574785124117742
0.8180000000000000604 0.41095956594132576623
0.82000000000000006217 0.40131233988753928221
0.82200000000000006395 0.39174096925347678955
0.82400000000000006573 0.38225212523074258986
0.8260000000000000675 0.37285223368679720757
0.82800000000000006928 0.36354745971842661323
0.83000000000000007105 0.35434369377419672187
0.83200000000000007283 0.34524653939367405675
0.83400000000000007461 0.33626130259563979941
0.83600000000000007638 0.32739298293223395575
0.83800000000000007816 0.31864626621096781012
0.84000000000000007994 0.31002551887238183337
0.84200000000000008171 0.30153478399745536898
0.84400000000000008349 0.29317777890642737759
0.84600000000000008527 0.28495789429900519885
0.84800000000000008704 0.27687819487560449971
0.85000000000000008882 0.26894142136999032999
0.85200000000000009059 0.26114999391574622578
0.85400000000000009237 0.25350601666233341103
0.85600000000000009415 0.24601128355104745493
0.8579999999999999849 0.23866728515708543479
0.85999999999999998668 0.23147521650097838131
0.86199999999999998845 0.22443598573092266024
0.86399999999999999023 0.21755022357688372225
0.86599999999999999201 0.21081829347774361239
0.86799999999999999378 0.20424030228408807108
0.86999999999999999556 0.19781611144141483805
0.87199999999999999734 0.19154534856146482324
0.87399999999999999911 0.18542741929297928971
0.87600000000000000089 0.17946151940732382735
0.87800000000000000266 0.17364664701900264787
0.88000000000000000444 0.16798161486607299242
0.88200000000000000622 0.16246506258069373652
0.88400000000000000799 0.15709546888545028454
0.88600000000000000977 0.15187116365665664919
0.88800000000000001155 0.14679033980137998205
0.89000000000000001332 0.14185106490048576822
0.8920000000000000151 0.13705129257545761723
0.89400000000000001688 0.13238887354206335667
0.89600000000000001865 0.12786156631907927284
0.89800000000000002043 0.12346704756522240698
0.9000000000000000222 0.11920292202211586752
0.90200000000000002398 0.11506673204554802858
0.90400000000000002576 0.11105596671140585685
0.90600000000000002753 0.10716807048652658707
0.90800000000000002931 0.10340045145824812434
0.91000000000000003109 0.099750489119683621864
0.91200000000000003286 0.096215541710691424027
0.91400000000000003464 0.09279295311715571315
0.91600000000000003642 0.089480059333560138524
0.91800000000000003819 0.08627419449591507139
0.92000000000000003997 0.083172696493921352556
0.92200000000000004174 0.080172912172811069964
0.92400000000000004352 0.077272202136659029481
0.9260000000000000453 0.074467945166026963677
0.92800000000000004707 0.07175754226375027911
0.93000000000000004885 0.069138420343345760588
0.93200000000000005063 0.066608035575089541425
0.9340000000000000524 0.064163876405172959316
0.93600000000000005418 0.061803466263587708562
0.93800000000000005596 0.059524365976500764885
0.94000000000000005773 0.057324175898867943402
0.94200000000000005951 0.055200537782933600806
0.94400000000000006128 0.053151136398062945321
0.94600000000000006306 0.051173700917090850226
0.94800000000000006484 0.049266006084025981693
0.95000000000000006661 0.04742587317756608023
0.95200000000000006839 0.045651170784443119433
0.95400000000000007017 0.043939815396140682879
0.95600000000000007194 0.042289771842033169191
0.95800000000000007372 0.040699053571465929058
0.9600000000000000755 0.039165722796763807745
0.96200000000000007727 0.037687890508605367823
0.96400000000000007905 0.036263716374647814167
0.96600000000000008082 0.03489140853173636897
0.9680000000000000826 0.033569223281482055143
0.97000000000000008438 0.032295464698450099261
0.97200000000000008615 0.031068484159667029976
0.97400000000000008793 0.029886679803635830821
0.97600000000000008971 0.028748495926539538448
0.97800000000000009148 0.027652422322822764467
0.98000000000000009326 0.026596993576865485265
0.98200000000000009504 0.025580788312007329832
0.98399999999999998579 0.024602428402739108526
0.98599999999999998757 0.023660578155460916527
0.98799999999999998934 0.022753943462803731534
0.98999999999999999112 0.021881270936130160776
0.99199999999999999289 0.02104134702046802155
0.99399999999999999467 0.02023299709578513933
0.99599999999999999645 0.019455084568192709121
0.99799999999999999822 0.018706509954354414577
1 0.017986209962091305459
